110000
150000
220000
230000
240000
250000
260000
300000
310000
320000
330000
340000
350000
360000
370000
380000
390000
400000
410000
420000
430000
440000
450000
460000
470000
480000
490000
500000
510000
520000
530000
540000
550000
560000
570000
580000
590000
600000
610000
620000
630000
640000
650000
660000
680000
690000
700000
710000
750000
780000
790000
850000
860000
910000
920000
940000
1020000
1030000
1050000
1060000
1070000
1100000
1130000
1180000
1190000
1200000
1210000
1220000
1240000
1250000
1260000
1270000
1280000
1290000
1300000
1320000
1330000
1340000
1350000
1360000
1370000
1380000
1390000
1400000
1410000
1420000
1430000
1440000
1450000
1460000
1470000
1480000
1490000
1500000
1510000
1520000
1530000
1540000
1550000
1560000
1570000
1590000
1600000
1780000
1790000
1810000
1820000
1830000
1840000
1850000
1860000
1870000
1880000
1890000
1900000
1910000
1920000
1930000
1940000
1950000
1960000
1970000
1980000
1990000
2020000
2030000
2140000
2150000
2200000
2210000
2220000
2230000
2240000
2250000
2260000
2270000
2280000
2290000
2300000
2310000
2320000
2340000
2350000
2360000
2370000
2380000
2390000
2410000
2420000
2430000
2440000
2450000
2460000
2470000
2480000
2490000
2500000
2510000
2520000
2550000
2600000
2630000
2640000
2650000
2660000
2670000
2680000
2690000
2700000
2710000
2720000
2730000
2740000
2750000
2760000
2770000
2780000
2790000
2800000
2810000
2820000
2830000
3080000
3100000
3120000
3130000
3140000
3150000
3160000
3170000
3180000
3190000
3200000
3210000
3220000
3240000
3270000
3280000
3290000
3300000
3310000
3320000
3350000
3370000
3410000
3420000
3450000
3460000
3470000
3480000
3490000
3500000
3510000
3520000
3530000
3540000
3550000
3560000
3570000
3580000
3590000
3600000
3610000
3620000
3630000
3640000
3650000
3660000
3670000
3680000
3690000
3700000
3710000
3720000
3730000
3740000
3750000
3760000
3770000
3780000
3790000
3800000
3810000
3820000
3830000
3840000
3850000
3860000
3870000
3880000
3900000
3910000
3930000
3940000
3950000
3960000
3970000
4030000
4040000
4070000
4120000
4130000
4140000
4180000
4190000
4210000
4220000
4230000
4250000
4260000
4280000
4290000
4300000
4320000
4330000
4340000
4360000
4400000
4410000
4420000
4430000
4440000
4450000
4460000
4470000
4480000
4500000
4520000
4540000
4550000
4560000
4570000
4580000
4660000
4720000
4740000
4760000
4770000
4830000
4840000
4850000
4860000
4870000
4880000
4890000
4900000
4950000
4960000
5010000
5020000
5110000
5170000
5180000
5340000
5350000
5360000
5370000
5380000
5390000
5400000
5410000
5420000
5430000
5440000
5450000
5460000
5470000
5480000
5490000
5500000
5510000
5520000
5530000
5560000
5570000
5580000
5590000
5600000
5620000
5630000
5640000
5650000
5660000
5670000
5680000
5690000
5700000
5710000
5720000
5730000
5750000
5920000
5930000
5940000
5950000
5990000
6010000
6040000
6060000
6070000
6100000
6110000
6190000
6210000
6220000
6290000
6350000
6360000
6370000
6380000
6410000
6460000
6590000
6600000
6620000
6630000
6640000
6650000
6660000
6670000
6680000
6710000
6720000
6730000
6740000
6750000
6760000
6800000
6810000
6820000
6830000
6860000
6880000
6900000
6960000
7000000
7010000
7030000
7040000
7050000
7060000
7070000
7080000
7130000
7140000
7150000
7160000
7170000
7190000
7200000
7210000
7220000
7230000
7240000
7250000
7260000
7280000
7290000
7300000
7310000
7330000
7340000
7380000
7390000
7420000
7510000
7540000
7610000
7630000
7730000
7740000
7750000
7760000
7770000
7780000
7790000
7800000
7810000
7820000
7830000
7840000
7850000
7860000
7870000
7880000
7890000
7900000
7910000
7920000
7930000
7940000
7950000
7960000
7970000
7980000
7990000
8000000
8010000
8020000
8030000
8040000
8050000
8060000
8150000
8160000
8170000
8180000
8190000
8200000
8210000
8220000
8230000
8240000
8250000
8260000
8270000
8290000
8300000
8320000
8390000
8400000
8450000
8460000
8490000
8500000
8540000
8570000
8580000
8590000
8600000
8640000
8690000
8720000
8780000
8820000
8840000
8850000
8860000
8870000
8900000
8910000
8920000
8930000
8940000
8950000
8960000
8970000
8980000
9050000
9070000
9080000
9090000
9140000
9150000
9160000
9170000
9180000
9190000
9210000
9220000
9230000
9240000
9400000
9410000
9420000
9430000
9440000
9450000
9460000
9470000
9480000
9490000
9500000
9510000
9520000
9530000
9540000
9550000
9560000
9570000
9580000
9590000
9600000
9610000
9620000
9630000
9640000
9650000
9660000
9670000
9680000
9690000
9700000
9710000
9720000
9730000
9740000
9750000
9760000
9770000
9780000
9790000
9800000
9810000
9820000
9830000
9840000
9850000
9870000
9880000
9890000
9900000
9920000
9930000
9980000
9990000
10000000
10010000
10020000
10030000
10080000
10090000
10100000
10130000
10140000
10150000
10160000
10170000
10180000
10190000
10200000
10210000
10220000
10230000
10240000
10250000
10260000
10270000
10280000
10290000
10300000
10310000
10320000
10330000
10340000
10350000
10360000
10370000
10380000
10390000
10400000
10410000
10420000
10430000
10440000
10450000
10460000
10470000
10480000
10490000
10500000
10510000
10520000
10530000
10540000
10550000
10560000
10570000
10580000
10590000
10600000
10610000
10620000
10630000
10640000
10650000
10660000
10670000
10680000
10690000
10700000
10710000
10720000
10730000
10740000
10750000
10760000
10770000
10780000
10790000
10800000
10810000
10820000
10830000
10840000
10990000
11000000
11010000
11020000
11030000
11040000
11050000
11060000
11070000
11090000
11100000
11110000
11120000
11130000
11140000
11150000
11160000
11180000
11190000
11200000
11210000
11220000
11230000
11240000
11250000
11260000
11270000
11280000
11290000
11300000
11310000
11320000
11330000
11340000
11350000
11360000
11370000
11380000
11390000
11400000
11410000
11420000
11430000
11440000
11450000
11460000
11470000
11480000
11490000
11500000
11510000
11520000
11530000
11540000
11550000
11560000
11570000
11580000
11590000
11600000
11610000
11620000
11630000
11640000
11650000
11660000
11670000
11680000
11690000
11700000
11710000
11720000
11730000
11740000
11750000
11760000
11770000
11780000
11800000
11860000
11980000
11990000
12000000
12010000
12020000
12030000
12060000
12070000
12080000
12100000
12120000
12130000
12140000
12190000
12200000
12210000
12220000
12230000
12240000
12250000
12260000
12280000
12330000
12340000
12400000
12410000
12420000
12460000
12570000
12580000
12650000
12680000
12730000
12740000
12750000
12830000
12860000
12870000
12890000
12930000
12950000
12960000
13100000
13110000
13160000
13250000
13270000
13280000
13290000
13300000
13320000
13330000
13340000
13360000
13400000
13410000
13420000
13430000
13450000
13460000
13470000
13480000
13490000
13600000
13630000
13670000
13680000
13690000
13740000
13870000
13880000
13900000
13910000
13920000
13950000
13960000
13970000
13980000
13990000
14000000
14010000
14040000
14060000
14070000
14080000
14110000
14120000
14130000
14140000
14150000
14160000
14170000
14180000
14190000
14200000
14210000
14220000
14250000
14260000
14310000
14390000
14430000
14440000
14460000
14490000
14520000
14530000
14540000
14550000
14560000
14570000
14580000
14590000
14600000
14620000
14630000
14640000
14660000
14670000
14680000
14700000
14710000
14830000
14910000
14920000
14940000
14960000
14970000
14980000
15150000
