190000
220000
230000
250000
300000
330000
390000
400000
450000
480000
490000
500000
530000
580000
630000
650000
670000
680000
690000
700000
710000
720000
730000
740000
750000
820000
830000
840000
850000
860000
870000
880000
890000
900000
970000
980000
1040000
1130000
1140000
1150000
1160000
1170000
1180000
1190000
1200000
1210000
1230000
1240000
1250000
1260000
1270000
1290000
1300000
1310000
1320000
1330000
1340000
1350000
1360000
1420000
1430000
1490000
1500000
1510000
1520000
1530000
1560000
1570000
1700000
1710000
1720000
1730000
1810000
1820000
1830000
1880000
1910000
1920000
1930000
1940000
1960000
1970000
1980000
1990000
2000000
2010000
2020000
2030000
2040000
2050000
2060000
2070000
2080000
2090000
2360000
2370000
2380000
2390000
2400000
2420000
2430000
2490000
2510000
2520000
2530000
2540000
2550000
2560000
2570000
2580000
2590000
2600000
2620000
2630000
2640000
2690000
2700000
2710000
2720000
2730000
2740000
2750000
2760000
2770000
2780000
2790000
2800000
2810000
2820000
2830000
2840000
2850000
2860000
2870000
2880000
2890000
2900000
2910000
2920000
2930000
2940000
2950000
2960000
2970000
2980000
2990000
3000000
3010000
3020000
3030000
3210000
3450000
3460000
3470000
3480000
3490000
3500000
3510000
3520000
3530000
3540000
3550000
3560000
3580000
3590000
3600000
3610000
3620000
3630000
3640000
3650000
3660000
3670000
3680000
3690000
3700000
3710000
3720000
3730000
3740000
3750000
3760000
3770000
3780000
3790000
3800000
3810000
3820000
3830000
3840000
3850000
3860000
3870000
3880000
3890000
3900000
3910000
3920000
3930000
3940000
3950000
3960000
3970000
3980000
4040000
4050000
4060000
4070000
4080000
4090000
4100000
4110000
4120000
4130000
4140000
4150000
4160000
4170000
4180000
4190000
4200000
4210000
4220000
4230000
4240000
4250000
4260000
4270000
4280000
4290000
4300000
4310000
4320000
4330000
4340000
4350000
4360000
4370000
4380000
4390000
4400000
4410000
4420000
4430000
4440000
4450000
4460000
4470000
4480000
4490000
4570000
4600000
4610000
4620000
4630000
4640000
4650000
4660000
4670000
4790000
4830000
4840000
4850000
4860000
4910000
4970000
5020000
5080000
5090000
5110000
5140000
5150000
5160000
5170000
5180000
5200000
5290000
5300000
5330000
5370000
5390000
5450000
5490000
5540000
5550000
5560000
5570000
5580000
5590000
5600000
5610000
5620000
5630000
5640000
5670000
5680000
5690000
5710000
5730000
5800000
5810000
5820000
5860000
5870000
5880000
5910000
5950000
5970000
6060000
6090000
6130000
6160000
6170000
6180000
6220000
6240000
6290000
6300000
6310000
6320000
6330000
6420000
6430000
6440000
6490000
6520000
6530000
6540000
6550000
6580000
6590000
6650000
6660000
6670000
6720000
6740000
6750000
6770000
6800000
6810000
6820000
6830000
6950000
6970000
7000000
7010000
7150000
7180000
7190000
7210000
7220000
7230000
7240000
7250000
7260000
7270000
7280000
7290000
7300000
7310000
7320000
7360000
7370000
7380000
7390000
7400000
7410000
7420000
7430000
7440000
7450000
7460000
7570000
7580000
7590000
7600000
7630000
7640000
7650000
7660000
7670000
7680000
7690000
7700000
7760000
7770000
7780000
7790000
7800000
7920000
7960000
7970000
7980000
7990000
8000000
8010000
8040000
8050000
8060000
8070000
8080000
8090000
8100000
8110000
8120000
8140000
8150000
8170000
8180000
8210000
8240000
8250000
8260000
8280000
8310000
8380000
8390000
8400000
8440000
8450000
8460000
8470000
8480000
8490000
8500000
8510000
8520000
8610000
8620000
8660000
8670000
8680000
8700000
8710000
8720000
8730000
8760000
8770000
8780000
8800000
8820000
8880000
8890000
8930000
8940000
8950000
8960000
8970000
8980000
9020000
9150000
9160000
9170000
9180000
9190000
9200000
9210000
9220000
9250000
9260000
9270000
9280000
9290000
9300000
9310000
9320000
9330000
9340000
9400000
9420000
9450000
9480000
9490000
9500000
9510000
9520000
9530000
9560000
9580000
9600000
9630000
9720000
9830000
9840000
9850000
9860000
9870000
9880000
9890000
9900000
9910000
9920000
9930000
9940000
9950000
9960000
9990000
10000000
10010000
10020000
10030000
10040000
10050000
10160000
10170000
10180000
10190000
10200000
10210000
10220000
10230000
10240000
10260000
10270000
10280000
10360000
10370000
10410000
