140000
150000
170000
190000
200000
210000
230000
240000
250000
260000
270000
400000
420000
430000
440000
450000
460000
470000
550000
600000
610000
630000
670000
720000
740000
750000
830000
860000
870000
920000
930000
960000
970000
990000
1010000
1080000
1090000
1170000
1240000
1250000
1410000
1460000
1480000
1490000
1500000
1510000
1520000
1530000
1540000
1600000
1610000
1620000
1630000
1680000
1690000
1700000
1710000
1720000
1740000
1780000
1790000
1800000
1820000
1830000
1840000
1850000
1870000
1880000
1890000
1900000
1910000
1920000
1940000
1950000
2020000
2030000
2090000
2110000
2120000
2140000
2150000
2210000
2230000
2260000
2270000
2280000
2290000
2300000
2310000
2370000
2380000
2400000
2420000
2440000
2450000
2510000
2520000
2530000
2570000
2600000
2670000
2700000
2710000
2720000
2770000
2790000
2810000
2840000
2890000
2900000
2910000
2950000
2970000
2990000
3010000
3020000
3030000
3040000
3080000
3090000
3100000
3120000
3170000
3180000
3250000
3330000
3350000
3360000
3370000
3380000
3390000
3400000
3420000
3460000
3500000
3520000
3530000
3540000
3550000
3620000
3630000
3640000
3720000
3780000
3830000
3860000
3870000
3960000
3990000
4000000
4010000
4040000
4060000
4070000
4080000
4140000
4150000
4160000
4170000
4210000
4220000
4230000
4240000
4250000
4260000
4270000
4280000
4290000
4300000
4310000
4320000
4330000
4340000
4350000
4360000
4370000
4380000
4390000
4400000
4410000
4420000
4500000
4510000
4590000
4610000
4630000
4640000
4650000
4660000
4670000
4690000
