20000
70000
80000
90000
100000
110000
130000
140000
150000
160000
170000
190000
200000
240000
260000
280000
290000
300000
310000
320000
330000
350000
360000
370000
380000
390000
400000
410000
420000
430000
450000
530000
550000
560000
610000
620000
630000
640000
650000
660000
670000
680000
690000
700000
710000
720000
730000
740000
750000
760000
770000
780000
790000
800000
810000
820000
830000
840000
850000
920000
930000
940000
960000
970000
980000
990000
1000000
1010000
1020000
1030000
1040000
1050000
1060000
1070000
1080000
1090000
1100000
1110000
1120000
1130000
1140000
1150000
1160000
1170000
1180000
1270000
1280000
1290000
1300000
1310000
1320000
1330000
1340000
1350000
1360000
1370000
1380000
1390000
1400000
1430000
1440000
1500000
1510000
1520000
1540000
1550000
1570000
1580000
1590000
1600000
1610000
1620000
1630000
1650000
1660000
1670000
1820000
1830000
1840000
1860000
1870000
1880000
1890000
1910000
1920000
1940000
1950000
1970000
1980000
2010000
2020000
2030000
2050000
2070000
2080000
2090000
2150000
2160000
2190000
2250000
2300000
2370000
2380000
2390000
2400000
2450000
2470000
2480000
2490000
2500000
2510000
2530000
2540000
2550000
2560000
2570000
2620000
2630000
2640000
2680000
2690000
2700000
2710000
2720000
2760000
2770000
2780000
2790000
2800000
2810000
2820000
2830000
2840000
2850000
2860000
2870000
2880000
2890000
2900000
2910000
2920000
2930000
2940000
2950000
2960000
2970000
2980000
2990000
3000000
3010000
3020000
3030000
3040000
3050000
3060000
3070000
3080000
3090000
3100000
3110000
3120000
3130000
3140000
3150000
3160000
3190000
3230000
3240000
3250000
3260000
3270000
3280000
3290000
3300000
3310000
3320000
3330000
3340000
3350000
3360000
3370000
3380000
3390000
3400000
3410000
3420000
3430000
3450000
3460000
3470000
3480000
3520000
3530000
3540000
3550000
3590000
3600000
3610000
3620000
3630000
3640000
3650000
3660000
3670000
3710000
3720000
3740000
3750000
3760000
3770000
3780000
3790000
3800000
3810000
3820000
3830000
3840000
3880000
3890000
3900000
3910000
3920000
3930000
3940000
3950000
3960000
3990000
4000000
4020000
4040000
4050000
4060000
4070000
4080000
4090000
4110000
4130000
4160000
4190000
4200000
4210000
4220000
4290000
4330000
4340000
4370000
4380000
4390000
4420000
4430000
4440000
4450000
4460000
4470000
4480000
4490000
4500000
4510000
4520000
4530000
4540000
4550000
4800000
4810000
4820000
4830000
4850000
4860000
4870000
4900000
4940000
4970000
4980000
4990000
5000000
5010000
5020000
5030000
5050000
5070000
5140000
5160000
5170000
5200000
5230000
5240000
5260000
5270000
5290000
5300000
5310000
5320000
5330000
5340000
5400000
5440000
5460000
5490000
5560000
5570000
5610000
5630000
5640000
5650000
5660000
5680000
5690000
