10000
30000
40000
50000
60000
70000
80000
90000
120000
150000
180000
190000
200000
210000
220000
230000
240000
250000
260000
280000
290000
320000
460000
470000
480000
490000
500000
510000
520000
530000
560000
650000
680000
690000
720000
730000
740000
750000
760000
770000
780000
790000
800000
830000
840000
850000
860000
870000
880000
890000
900000
910000
920000
1160000
1170000
1180000
1190000
1200000
1210000
1220000
1230000
1240000
1250000
1260000
1270000
1280000
1290000
1300000
1310000
1320000
1330000
1340000
1350000
1360000
1380000
1410000
1420000
1430000
1510000
1520000
1530000
1540000
1550000
1570000
1580000
1590000
1600000
1610000
1620000
1630000
1640000
1650000
1660000
1670000
1770000
1780000
1790000
1860000
1870000
1890000
1910000
1920000
1930000
1940000
1950000
1970000
2020000
2030000
2040000
2070000
2080000
2110000
2190000
2200000
2210000
2240000
2250000
2270000
2280000
2290000
2330000
2380000
2390000
2400000
2410000
2460000
2480000
2500000
2510000
2520000
2560000
2570000
2590000
2600000
2610000
2620000
2630000
2640000
2650000
2660000
2670000
2700000
2780000
2790000
2800000
2810000
2820000
2830000
2840000
2880000
2960000
2970000
2980000
2990000
3000000
3010000
3020000
3030000
3160000
3170000
3180000
3190000
3200000
3210000
3220000
3230000
3250000
3270000
3280000
3290000
3310000
3320000
3330000
3340000
3350000
3360000
3370000
3380000
3390000
3400000
3420000
3450000
3460000
3490000
3520000
3530000
3540000
3550000
3560000
3570000
3630000
3740000
3750000
3760000
3770000
3820000
3870000
3880000
3890000
3900000
3910000
3920000
3930000
3940000
3950000
3960000
3970000
3980000
3990000
4000000
4010000
4020000
4030000
4040000
4050000
4060000
4070000
4090000
4110000
4140000
4150000
4160000
4180000
4190000
4200000
4240000
4250000
4370000
4390000
4430000
4440000
4530000
4540000
4680000
4720000
4730000
4760000
4780000
4820000
4870000
4880000
4960000
4980000
4990000
5000000
5010000
5020000
5030000
5040000
5050000
5060000
5070000
5080000
5090000
5100000
5110000
5170000
5180000
5200000
5210000
5240000
5250000
5260000
5290000
5310000
5340000
5360000
5450000
5470000
5480000
5490000
5500000
5530000
5540000
5560000
5570000
5580000
5620000
5630000
5640000
5680000
5690000
5700000
5710000
5740000
5750000
5760000
5770000
5780000
5790000
5800000
5810000
5820000
5830000
5840000
5850000
5860000
5880000
5900000
5910000
5920000
5930000
6010000
6020000
6030000
6040000
6050000
6070000
6080000
6090000
6100000
6150000
6160000
6190000
6200000
6210000
6220000
6230000
6240000
6250000
6260000
6270000
6280000
6290000
6320000
6330000
6350000
6390000
6460000
6470000
6480000
6490000
6520000
6530000
6540000
6580000
6610000
6620000
6630000
6640000
6650000
6660000
6710000
6720000
6740000
6750000
6790000
