50000
60000
100000
110000
150000
160000
170000
180000
190000
240000
250000
260000
270000
290000
300000
310000
320000
330000
340000
350000
360000
370000
450000
460000
470000
530000
540000
550000
560000
590000
700000
710000
730000
800000
810000
820000
830000
840000
850000
930000
960000
970000
980000
990000
1000000
1010000
1030000
1050000
1060000
1070000
1100000
1110000
1150000
1170000
1200000
1230000
1290000
1300000
1310000
1370000
1400000
1410000
1420000
1430000
1450000
1460000
1500000
1560000
1660000
1760000
1780000
1790000
1800000
1810000
1820000
1830000
1880000
1890000
1900000
1910000
1930000
1940000
1950000
1970000
1990000
2000000
2020000
2030000
2040000
2050000
2060000
2070000
2080000
2090000
2100000
2110000
2120000
2130000
2140000
2150000
2160000
2170000
2180000
2190000
2200000
2210000
2220000
2230000
2240000
2250000
2260000
2270000
2280000
2290000
2300000
2320000
2330000
2340000
2360000
2370000
2390000
2400000
2410000
2420000
2450000
2470000
2480000
2490000
2530000
2540000
2550000
2570000
2580000
2590000
2600000
2660000
2670000
2680000
2690000
2700000
2710000
2720000
2730000
2740000
2750000
2760000
2770000
2780000
2790000
2800000
2810000
2820000
2870000
2880000
2890000
2940000
2970000
3020000
3050000
3060000
3070000
3080000
3090000
3100000
3110000
3120000
3130000
3140000
3150000
3160000
3170000
3180000
3190000
3200000
3210000
3220000
3230000
3240000
3250000
3260000
3270000
3280000
3290000
3620000
3630000
3640000
3650000
3660000
3670000
3680000
3690000
3700000
3710000
3720000
3730000
3740000
3750000
3760000
3770000
3780000
3790000
3800000
3810000
3820000
3830000
3840000
3850000
3880000
3890000
3900000
3910000
3920000
3930000
3940000
3950000
3970000
3980000
4010000
4020000
4030000
4060000
4070000
4100000
4110000
4120000
4200000
4210000
4230000
4240000
4250000
4260000
4270000
4280000
4290000
4320000
4330000
4340000
4350000
4360000
4370000
4380000
4390000
4400000
4430000
4440000
4450000
4460000
4470000
4480000
4490000
4500000
4510000
4520000
4530000
4540000
4550000
4560000
4570000
4580000
4590000
4630000
4640000
4650000
4660000
4670000
4680000
4690000
4700000
4710000
4720000
4730000
4740000
4750000
4760000
4770000
4780000
4790000
4800000
4810000
4820000
4830000
4840000
4850000
4860000
4870000
4880000
4890000
4900000
4910000
4920000
4930000
4940000
4950000
4960000
4970000
4980000
4990000
5000000
5010000
5020000
5030000
5040000
5050000
5060000
5070000
5080000
5090000
5100000
5110000
5120000
5130000
5140000
5150000
5160000
5170000
5180000
5190000
5200000
5210000
5250000
5280000
5290000
5300000
5310000
5330000
5340000
5350000
5360000
5410000
5430000
5450000
5470000
5480000
5490000
5500000
5520000
5600000
5610000
5620000
5630000
5640000
5670000
5680000
5690000
5700000
5720000
5730000
5750000
5760000
5780000
5790000
5800000
5820000
5870000
5880000
5890000
5920000
5940000
5950000
5960000
5970000
5980000
5990000
6000000
6010000
6020000
6030000
6040000
6150000
6160000
6170000
6180000
6190000
6200000
6210000
6220000
6230000
6260000
6320000
6330000
6340000
6350000
6360000
6370000
6380000
6390000
6400000
6410000
6420000
6430000
6440000
6450000
6460000
6470000
6480000
6490000
6500000
6510000
6520000
6530000
6620000
6630000
6640000
6650000
6660000
6670000
6680000
6690000
6700000
6710000
6770000
6780000
6810000
6820000
6830000
6850000
6860000
6870000
6980000
6990000
7030000
7040000
7080000
7180000
7190000
7200000
7210000
7220000
7230000
7240000
7250000
7260000
7270000
7280000
7290000
7300000
7310000
7320000
7330000
7340000
7350000
7360000
7370000
7380000
7390000
7400000
7410000
7420000
7430000
7440000
7450000
7460000
7470000
7480000
7490000
7500000
7510000
7520000
7530000
7540000
7550000
7560000
7570000
7580000
7590000
7600000
7610000
7620000
7630000
7640000
7650000
7660000
7670000
7680000
7690000
7700000
7710000
7720000
7730000
7740000
7750000
7760000
7770000
7780000
7790000
7800000
7810000
7820000
7830000
8000000
8010000
8060000
8070000
8080000
8110000
8130000
8140000
8150000
8170000
8230000
8240000
8250000
8260000
8270000
8280000
8300000
8330000
8340000
8350000
8360000
8380000
8390000
8400000
8410000
8420000
8430000
8440000
8450000
8460000
8470000
8480000
8490000
8500000
8510000
8520000
8530000
8560000
8570000
8630000
8640000
8650000
8660000
8670000
8690000
8700000
8710000
8720000
8730000
8740000
8750000
8760000
8770000
8810000
8820000
8830000
8840000
8850000
8860000
8870000
8880000
8890000
8900000
8910000
8920000
8930000
8940000
8950000
8960000
8970000
8980000
8990000
9000000
9010000
9020000
9030000
9040000
9050000
9060000
9080000
9110000
9120000
9130000
9150000
9170000
9190000
9200000
9210000
9240000
9250000
9260000
9270000
9340000
9360000
9370000
9440000
9460000
9480000
9490000
9500000
9510000
9520000
9530000
9540000
9550000
9560000
9570000
9580000
9620000
9630000
9640000
9650000
9660000
9670000
9680000
9690000
9720000
9740000
9750000
9760000
9790000
9800000
9820000
9860000
9880000
9900000
9910000
9920000
9990000
10010000
10020000
10030000
10050000
10060000
10130000
10160000
10170000
10210000
10220000
10250000
10260000
10280000
10290000
10300000
10350000
10380000
10430000
10460000
10500000
10520000
10540000
10560000
10580000
10590000
10620000
10630000
10640000
10670000
10710000
10760000
10770000
10810000
10900000
10910000
10960000
10980000
10990000
11030000
11040000
11050000
11060000
11070000
11090000
11110000
11130000
11140000
11160000
11170000
11200000
11210000
11260000
11340000
11350000
11360000
11370000
11380000
11390000
11400000
11430000
11440000
11450000
11460000
11470000
11480000
11490000
11500000
11510000
11520000
11540000
11550000
11560000
11580000
11610000
11620000
11630000
11640000
11650000
11660000
11670000
11680000
11690000
11700000
11710000
11720000
11730000
11740000
11750000
11760000
11770000
11780000
11790000
11800000
11810000
11820000
11830000
11840000
11850000
11860000
11880000
11890000
11910000
11920000
11930000
11940000
11950000
11980000
12000000
12010000
12020000
12070000
12080000
12090000
12100000
12110000
12120000
12130000
12140000
12150000
12160000
12170000
12180000
12190000
12200000
12210000
12220000
12230000
12240000
12250000
12260000
12270000
12280000
12300000
12320000
12330000
12350000
12380000
12390000
12400000
12410000
12420000
12430000
12440000
12450000
12460000
12470000
12480000
12490000
12500000
12510000
12520000
12530000
12540000
12550000
12560000
12570000
12580000
12590000
12620000
12630000
12640000
12650000
12660000
12670000
12690000
12700000
12710000
12720000
12760000
12770000
12780000
12790000
12800000
12810000
12820000
12830000
12840000
12850000
12860000
12880000
12890000
12900000
12910000
12920000
12930000
12940000
12950000
12960000
12970000
12980000
12990000
13000000
13010000
13020000
13030000
13040000
13050000
13060000
13070000
13080000
13090000
13100000
13110000
13120000
13130000
13140000
13150000
13160000
13170000
13180000
13190000
13200000
13210000
13220000
13230000
13240000
13250000
13260000
13270000
13280000
13290000
13300000
13310000
13320000
13330000
13350000
13360000
13370000
13380000
13390000
13400000
13410000
13420000
13430000
13450000
13510000
13520000
13580000
13590000
13600000
13610000
13620000
13630000
13640000
13650000
13660000
13670000
13680000
13690000
13700000
13710000
13720000
13740000
13760000
13790000
13800000
13810000
13820000
13830000
13840000
13880000
13900000
13910000
13920000
13930000
13940000
13950000
13960000
13970000
13980000
13990000
14000000
14010000
14020000
14030000
14040000
14050000
14060000
14100000
14110000
14120000
14130000
14140000
14160000
14200000
14290000
