70000
100000
140000
150000
210000
250000
260000
270000
310000
350000
360000
370000
380000
400000
430000
480000
490000
500000
510000
630000
690000
700000
730000
740000
750000
760000
770000
780000
790000
800000
830000
920000
930000
940000
950000
960000
970000
1070000
1080000
1090000
1290000
1300000
1310000
1320000
1330000
1340000
1380000
1390000
1400000
1410000
1420000
1430000
1440000
1450000
1460000
1470000
1480000
1490000
1500000
1510000
1520000
1530000
1540000
1550000
1560000
1570000
1580000
1590000
1600000
1610000
1620000
1630000
1640000
1650000
1660000
1670000
1680000
1690000
1700000
1710000
1720000
1730000
1740000
1750000
1760000
1770000
1780000
1790000
1800000
1810000
1820000
1830000
1840000
1850000
1860000
1870000
1880000
1890000
1900000
1910000
1920000
1930000
1940000
1950000
1960000
1970000
1980000
1990000
2000000
2010000
2020000
2030000
2040000
2050000
2060000
2070000
2080000
2090000
2100000
2110000
2120000
2130000
2140000
2150000
2160000
2170000
2180000
2190000
2200000
2210000
2220000
2230000
2240000
2250000
2260000
2270000
2280000
2290000
2300000
2310000
2320000
2330000
2340000
2350000
2360000
2370000
2390000
2400000
2410000
2420000
2430000
2440000
2450000
2460000
2470000
2480000
2490000
2500000
2510000
2520000
2620000
2650000
2700000
2740000
2750000
2860000
2870000
2940000
2950000
3000000
3010000
3020000
3030000
3040000
3050000
3060000
3070000
3080000
3090000
3100000
3140000
3150000
3170000
3200000
3270000
3310000
3330000
3340000
3350000
3360000
3410000
3420000
3480000
3490000
3500000
3520000
3680000
3690000
3700000
3710000
3720000
3730000
3740000
3750000
3770000
3780000
3790000
3810000
3820000
3830000
3840000
3850000
3860000
3870000
3880000
3890000
3900000
3910000
3920000
3930000
3940000
3950000
3960000
3970000
3980000
4090000
4110000
4150000
4220000
4230000
4240000
4250000
4280000
4330000
4340000
4390000
4460000
4480000
4490000
4520000
4530000
4540000
4550000
4560000
4570000
4580000
4590000
4600000
4610000
4620000
4630000
4640000
4650000
4660000
4670000
4680000
4690000
4700000
4710000
4720000
4730000
4740000
4750000
4770000
4780000
4820000
4880000
4910000
4940000
4960000
4970000
4980000
4990000
5010000
5020000
5030000
5060000
5070000
5080000
5130000
5140000
5160000
5180000
5200000
5230000
5240000
5250000
5280000
5290000
5300000
5310000
5320000
5330000
5440000
5450000
5460000
5470000
5480000
5490000
5510000
5670000
5680000
5690000
5720000
5740000
5770000
5820000
5840000
5850000
5920000
5960000
5970000
5990000
6000000
6010000
6020000
6060000
6100000
6110000
6120000
6130000
6140000
6150000
6160000
6170000
6200000
6210000
6220000
6270000
6300000
6310000
6340000
6350000
6360000
6430000
6510000
6520000
6580000
6590000
6610000
6620000
6660000
6680000
6700000
6720000
6730000
6740000
6750000
6760000
6770000
6790000
6860000
6870000
6990000
7000000
7090000
7100000
7110000
7120000
7130000
7140000
7150000
7220000
7230000
7250000
7260000
7280000
7310000
7370000
7410000
7540000
7550000
7560000
7570000
7580000
7620000
7640000
7650000
7660000
7670000
7680000
7690000
7700000
7710000
7720000
7730000
7740000
7750000
7760000
7770000
7780000
7790000
7800000
7810000
7950000
8000000
8010000
8020000
8030000
8090000
8110000
8120000
8200000
8210000
8220000
8230000
8240000
8250000
8260000
8270000
8280000
8290000
8300000
8310000
8320000
8330000
8340000
8350000
8360000
8370000
8380000
8580000
8640000
8690000
8700000
8710000
8720000
8730000
8740000
8760000
8770000
8820000
8830000
8840000
8850000
8860000
8870000
8880000
8890000
8900000
8910000
8920000
8930000
8940000
8950000
8960000
8970000
8990000
9000000
9080000
9090000
9110000
9120000
9130000
9190000
9210000
9220000
9230000
9240000
9250000
9320000
9370000
9400000
9410000
9420000
9430000
9440000
9450000
9500000
9510000
9520000
9570000
9620000
9630000
9640000
9660000
9670000
9680000
9690000
9700000
9710000
9720000
9730000
9740000
9750000
9760000
9770000
9790000
9830000
9840000
9880000
9890000
9940000
9960000
9970000
