50000
80000
130000
170000
180000
290000
340000
380000
400000
410000
420000
430000
450000
470000
490000
500000
530000
570000
580000
600000
610000
640000
650000
660000
680000
690000
700000
710000
780000
800000
810000
820000
830000
840000
850000
860000
870000
880000
890000
900000
910000
920000
930000
950000
960000
970000
980000
1000000
1010000
1030000
1040000
1210000
1230000
1250000
1260000
1270000
1280000
1290000
1300000
1310000
1320000
1330000
1340000
1350000
1360000
1370000
1380000
1390000
1400000
1410000
1420000
1430000
1440000
1450000
1460000
1470000
1480000
1490000
1500000
1510000
1520000
1530000
1540000
1550000
1560000
1570000
1580000
1590000
1600000
1610000
1620000
1630000
1640000
1650000
1660000
1670000
1680000
1700000
1830000
1990000
2000000
2010000
2070000
2080000
2090000
2200000
2230000
2240000
2250000
2260000
2270000
2290000
2300000
2310000
2320000
2330000
2340000
2350000
2360000
2370000
2380000
2390000
2400000
2410000
2420000
2430000
2440000
2450000
2460000
2470000
2480000
2490000
2500000
2510000
2520000
2530000
2560000
2670000
2680000
2690000
2700000
2710000
2720000
2730000
2740000
2750000
2760000
2770000
2800000
2810000
2820000
2830000
2840000
2850000
2860000
2870000
2880000
2890000
2900000
2910000
2920000
2930000
2940000
2950000
2960000
2970000
2980000
2990000
3000000
3010000
3020000
3030000
3040000
3050000
3080000
3090000
3210000
3380000
3400000
3410000
3420000
3430000
3440000
3450000
3460000
3470000
3480000
3530000
3550000
3560000
3570000
3580000
3590000
3600000
3610000
3620000
3630000
3640000
3650000
3660000
3670000
3680000
3690000
3700000
3710000
3720000
3730000
3740000
3750000
3760000
3770000
3810000
3820000
3830000
3840000
3850000
3860000
3870000
3880000
3890000
3900000
3910000
3920000
3930000
3940000
3950000
3960000
3970000
3980000
3990000
4040000
4050000
4080000
4090000
4100000
4110000
4120000
4130000
4180000
4190000
4240000
4260000
4280000
4300000
4310000
4330000
4350000
4410000
4450000
4480000
4510000
4610000
4620000
4640000
4670000
4720000
4800000
4810000
4830000
4850000
4860000
4880000
4980000
4990000
5020000
5030000
5040000
5080000
5090000
5100000
5110000
5120000
5130000
5140000
5150000
5160000
5170000
5180000
5190000
5200000
5210000
5220000
5230000
5240000
5250000
5260000
5270000
5280000
5290000
5300000
5310000
5320000
5330000
5340000
5350000
5360000
5370000
5390000
5400000
5410000
5420000
5430000
5440000
5450000
5460000
5470000
5480000
5490000
5500000
5510000
5520000
5540000
5550000
5560000
5570000
5580000
5590000
5600000
5610000
5620000
5630000
5640000
5650000
5660000
5670000
5680000
5690000
5710000
5720000
5730000
5740000
5750000
5760000
5770000
5780000
5820000
5870000
5910000
5920000
5930000
5940000
5950000
5960000
5970000
5980000
5990000
6010000
6020000
6030000
6040000
6050000
6060000
6070000
6130000
6140000
6150000
6160000
6170000
6180000
6190000
6200000
6210000
6220000
6230000
6250000
6280000
6370000
6380000
6400000
6410000
6420000
6430000
6440000
6450000
6460000
6470000
6480000
6490000
6500000
6510000
6520000
6530000
6560000
6580000
6620000
6650000
6700000
6720000
6760000
6790000
6800000
6810000
6820000
6830000
6840000
6910000
6920000
6930000
6940000
6950000
6960000
6970000
7030000
7080000
7090000
7100000
7120000
7140000
7150000
7160000
7190000
7250000
7260000
7280000
7320000
7390000
7400000
7410000
7430000
7440000
7450000
7460000
7470000
7500000
7560000
7570000
7590000
7720000
7730000
7870000
7880000
7890000
7920000
7930000
7940000
7950000
7960000
7970000
7980000
7990000
8030000
8060000
8070000
8090000
8130000
8150000
8170000
8180000
8220000
8230000
8260000
8270000
8280000
8300000
8310000
8320000
8330000
8340000
8350000
8360000
8370000
8380000
8390000
8400000
8410000
8420000
8430000
8440000
8460000
8470000
8480000
8490000
8500000
8510000
8520000
8530000
8540000
8550000
8560000
8570000
8580000
8590000
8600000
8610000
8620000
8630000
8640000
8650000
8660000
8670000
8680000
8690000
8700000
8710000
8720000
8730000
8740000
8750000
8760000
8770000
8780000
8790000
8800000
8810000
8820000
8830000
8840000
8850000
8860000
8870000
8880000
8890000
8900000
8910000
8920000
8930000
8940000
8950000
8960000
8970000
8980000
8990000
9000000
9010000
9020000
9030000
9040000
9050000
9060000
9080000
9090000
9100000
9110000
9120000
9130000
9140000
9150000
9160000
9170000
9180000
9290000
9340000
9350000
9360000
9370000
9390000
9500000
9560000
9580000
9610000
9750000
9760000
9870000
9880000
9890000
9930000
9940000
9950000
9960000
9970000
9980000
9990000
10000000
10010000
10060000
10180000
10210000
10240000
10250000
10320000
10330000
10340000
10350000
10360000
10370000
10380000
10400000
10450000
10460000
10550000
10560000
10570000
10580000
10690000
10700000
10710000
10720000
10780000
10810000
10820000
10840000
10860000
10870000
10890000
10910000
10930000
10940000
10990000
11050000
11060000
11070000
11140000
11150000
11170000
