90000
110000
140000
150000
160000
250000
260000
270000
290000
310000
330000
350000
360000
370000
380000
390000
400000
410000
430000
440000
510000
520000
540000
580000
590000
600000
730000
740000
750000
760000
770000
780000
790000
800000
810000
900000
910000
920000
930000
940000
950000
960000
970000
980000
990000
1000000
1010000
1020000
1030000
1040000
1060000
1070000
1080000
1090000
1100000
1110000
1120000
1130000
1140000
1150000
1160000
1170000
1190000
1200000
1210000
1250000
1270000
1290000
1300000
1310000
1320000
1340000
1370000
1390000
1400000
1420000
1430000
1440000
1450000
1460000
1470000
1480000
1490000
1500000
1510000
1520000
1530000
1540000
1550000
1560000
1620000
1630000
1640000
1650000
1660000
1670000
1680000
1690000
1700000
1710000
1720000
1730000
1740000
1750000
1760000
1770000
1780000
1790000
1800000
1810000
1820000
1830000
1840000
1850000
1910000
1920000
1930000
1940000
1950000
1960000
1970000
1980000
1990000
2030000
2040000
2050000
2060000
2070000
2080000
2090000
2100000
2110000
2120000
2130000
2140000
2150000
2160000
2170000
2200000
2250000
2320000
2350000
2360000
2370000
2380000
2400000
2420000
2430000
2470000
2480000
2490000
2500000
2510000
2540000
2550000
2560000
2580000
2740000
2800000
2810000
2830000
2910000
2930000
3030000
3040000
3050000
3060000
3070000
3080000
3090000
3100000
3110000
3120000
3130000
3140000
3150000
3160000
3170000
3180000
3190000
3200000
3210000
3220000
3230000
3240000
3250000
3260000
3270000
3280000
3290000
3300000
3310000
3320000
3330000
3340000
3350000
3360000
3370000
3380000
3390000
3400000
3410000
3420000
3430000
3440000
3450000
3460000
3470000
3480000
3500000
3510000
3520000
3530000
3540000
3550000
3560000
3570000
3580000
3590000
3600000
3610000
3630000
3640000
3650000
3660000
3670000
3680000
3690000
3700000
3710000
3720000
3730000
3740000
3750000
3760000
3770000
3780000
3790000
3810000
3820000
3830000
3840000
3850000
3860000
3870000
3880000
3890000
3900000
3910000
3920000
3930000
3950000
3990000
