30000
40000
60000
70000
140000
150000
160000
170000
180000
190000
200000
210000
220000
240000
250000
260000
270000
280000
290000
300000
310000
320000
330000
350000
390000
400000
410000
420000
430000
440000
480000
500000
530000
540000
560000
650000
680000
690000
700000
720000
730000
740000
750000
770000
780000
790000
800000
810000
820000
830000
840000
850000
860000
870000
880000
890000
900000
910000
920000
930000
960000
970000
980000
990000
1030000
1050000
1180000
1190000
1200000
1210000
1220000
1230000
1240000
1250000
1260000
1270000
1290000
1300000
1400000
1460000
1470000
1480000
1490000
1500000
1530000
1540000
1580000
1590000
1600000
1610000
1620000
1630000
1640000
1650000
1660000
1670000
1680000
1690000
1700000
1710000
1720000
1730000
1740000
1750000
1760000
1770000
1780000
1790000
1800000
1810000
1820000
1830000
1840000
1850000
1860000
1870000
1880000
1890000
1900000
1910000
1950000
1960000
1970000
1980000
1990000
2000000
2010000
2020000
2030000
2040000
2050000
2060000
2070000
2080000
2090000
2100000
2110000
2120000
2130000
2140000
2150000
2160000
2170000
2180000
2190000
2200000
2210000
2220000
2230000
2240000
2250000
2260000
2270000
2280000
2290000
2300000
2310000
2320000
2330000
2340000
2460000
2470000
2480000
2490000
2500000
2510000
2520000
2530000
2540000
2620000
2700000
2730000
2740000
2750000
2760000
2770000
2820000
2830000
2840000
2850000
2860000
2870000
2880000
2890000
2900000
2910000
2920000
2930000
2940000
2950000
2960000
2970000
2980000
2990000
3000000
3010000
3020000
3030000
3040000
3170000
3200000
3210000
3220000
3230000
3240000
3250000
3260000
3270000
3350000
3360000
3370000
3380000
3390000
3400000
3410000
3420000
3430000
3440000
3450000
3460000
3470000
3490000
3500000
3510000
3520000
3530000
3690000
3700000
3770000
3780000
3790000
3930000
3940000
3950000
3960000
3970000
3980000
3990000
4000000
4020000
4030000
4040000
4050000
4060000
4070000
4080000
4090000
4100000
4110000
4120000
4130000
4140000
4150000
4160000
4170000
4180000
4190000
4200000
4210000
4220000
4240000
4250000
4400000
4410000
4420000
4430000
4440000
4450000
4470000
4480000
4530000
4540000
4550000
4560000
4570000
4580000
4590000
4600000
4720000
4730000
4750000
4760000
4770000
4780000
4790000
4800000
4810000
4830000
4840000
5000000
5030000
5040000
5050000
5080000
5090000
5100000
5110000
5120000
5130000
5140000
5190000
5220000
5240000
5260000
5290000
5300000
5340000
5350000
5360000
5410000
5430000
5450000
5460000
5570000
5610000
5620000
5680000
5690000
5730000
5740000
5770000
5800000
5870000
5940000
5950000
5970000
5990000
6010000
6020000
6040000
6050000
6060000
6090000
6100000
6160000
6170000
6200000
6210000
6260000
6300000
6310000
6320000
6330000
6360000
6370000
6380000
6390000
6400000
6410000
6420000
6450000
6460000
6480000
6490000
6550000
6560000
6590000
6640000
6670000
6820000
6830000
6940000
6950000
6990000
7000000
7010000
7020000
7100000
7110000
7120000
7190000
7200000
7210000
7220000
7230000
7240000
7250000
7260000
7270000
7280000
7290000
7300000
7310000
7320000
7330000
7340000
7350000
7360000
7370000
7380000
7390000
7400000
7410000
7420000
7430000
7440000
7450000
7460000
7470000
7480000
7490000
7500000
7510000
7530000
7550000
7710000
7720000
7730000
7740000
7750000
7770000
7780000
7800000
7820000
7830000
7880000
7890000
7930000
7940000
7970000
7980000
8020000
8060000
8080000
8100000
8120000
8220000
8230000
8240000
8260000
8280000
8350000
8390000
8400000
8430000
8460000
8470000
8480000
8500000
8510000
8570000
8690000
8800000
8810000
8820000
8840000
8900000
8910000
8930000
8960000
9010000
9040000
9130000
9140000
9150000
9240000
9250000
9290000
9300000
9310000
9320000
9330000
9380000
9400000
9410000
9480000
9500000
9550000
9560000
9640000
9650000
9670000
9700000
9710000
9720000
9740000
9750000
9760000
9770000
9780000
9790000
9820000
9830000
9840000
9890000
9910000
9920000
9960000
9970000
9990000
10040000
10110000
10120000
10130000
10140000
10150000
10160000
10170000
10180000
10190000
10200000
10210000
10220000
10230000
10240000
10250000
10260000
10270000
10280000
10290000
10300000
10310000
10320000
10330000
10340000
10350000
10360000
10370000
10380000
10390000
10400000
10410000
10420000
10430000
10440000
10450000
10460000
10470000
10480000
10490000
10500000
10510000
10520000
10530000
10540000
10550000
10560000
10570000
10580000
10590000
10600000
10610000
10620000
10630000
10640000
10650000
10660000
10670000
10680000
10690000
10700000
10780000
10800000
10870000
10880000
10930000
10940000
10950000
10960000
10970000
10980000
10990000
11010000
11020000
11030000
11060000
11170000
11180000
11210000
11260000
11270000
11280000
11320000
11400000
11430000
11440000
11460000
11470000
11480000
11490000
11500000
11510000
11520000
11530000
11540000
11550000
11560000
11570000
11740000
11750000
11760000
11770000
11780000
11790000
11800000
11810000
11820000
11830000
11840000
11850000
11860000
11870000
11880000
11890000
11900000
11910000
11920000
11930000
11940000
11950000
11960000
11970000
11980000
11990000
12000000
12010000
12020000
12030000
12040000
12050000
12060000
12070000
12080000
12090000
12100000
12110000
12120000
12130000
12140000
12150000
12160000
12170000
12180000
12190000
12200000
12220000
12230000
12240000
12250000
12260000
12270000
12280000
12290000
12300000
12310000
12350000
12360000
12370000
12380000
12390000
12400000
12410000
12420000
12430000
12440000
12450000
12500000
12510000
12520000
12530000
12540000
12550000
12560000
