50000
60000
70000
90000
100000
110000
120000
130000
140000
150000
160000
170000
180000
190000
200000
210000
250000
260000
290000
320000
330000
340000
370000
380000
390000
440000
450000
460000
470000
540000
580000
590000
600000
670000
720000
760000
870000
880000
890000
970000
1070000
1100000
1110000
1180000
1210000
1220000
1240000
1250000
1270000
1280000
1290000
1310000
1320000
1410000
1420000
1430000
1440000
1450000
1460000
1500000
1510000
1520000
1530000
1770000
1830000
1840000
1850000
1940000
1970000
2020000
2180000
2190000
2200000
2210000
2220000
2230000
2320000
2330000
2380000
2420000
2430000
2490000
2580000
2600000
2610000
2620000
2630000
2660000
2670000
2710000
2720000
2730000
2790000
2850000
2860000
2870000
2880000
2930000
2940000
2950000
3010000
3020000
3030000
3040000
3050000
3120000
3130000
3170000
3180000
3220000
3230000
3240000
3250000
3260000
3270000
3280000
3300000
3310000
3320000
3330000
3340000
3350000
3360000
3370000
3380000
3390000
3400000
3410000
3420000
3430000
3440000
3450000
3460000
3470000
3480000
3490000
3500000
3510000
3520000
3530000
3540000
3550000
3560000
3570000
3580000
3590000
3600000
3610000
3620000
3630000
3640000
3650000
3670000
3680000
3690000
3700000
3710000
3720000
3730000
3740000
3750000
3760000
3770000
3780000
3790000
3800000
3810000
3820000
3830000
3840000
3850000
3860000
3870000
3880000
3890000
3900000
3910000
3920000
3930000
3940000
3950000
3960000
3970000
3980000
3990000
4000000
4010000
4020000
4030000
4040000
4050000
4060000
4070000
4080000
4090000
4100000
4110000
4120000
4130000
4140000
4150000
4160000
4170000
4180000
4190000
4200000
4210000
4220000
4230000
4240000
4250000
4420000
4430000
4440000
4450000
4470000
4480000
4490000
4570000
4580000
4590000
4600000
4610000
4620000
4630000
4640000
4650000
4660000
4670000
4680000
4690000
4700000
4710000
4720000
4730000
4740000
4750000
4830000
4840000
4850000
4860000
4870000
4880000
4890000
4900000
4910000
4920000
4930000
4940000
4950000
4960000
4970000
4980000
4990000
5000000
5020000
5030000
5040000
5050000
5060000
5070000
5080000
5090000
5100000
5110000
5120000
5130000
5140000
5150000
5160000
5170000
5180000
5190000
5200000
5210000
5220000
5230000
5240000
5250000
5260000
5270000
5280000
5290000
5300000
5310000
5320000
5330000
5340000
5350000
5360000
5370000
5380000
5390000
5400000
5410000
5420000
5440000
5450000
5460000
5470000
5480000
5490000
5500000
5510000
5520000
5530000
5540000
5550000
5560000
5570000
5580000
5590000
5600000
5610000
5620000
5630000
5660000
5670000
5680000
5690000
5700000
5710000
5720000
5750000
5760000
5770000
5780000
5790000
5800000
5810000
5820000
5830000
5840000
5850000
5860000
5870000
5880000
5890000
5900000
5910000
5920000
5930000
5940000
5950000
5960000
5970000
5980000
5990000
6040000
6050000
6060000
6070000
6100000
6110000
6140000
6150000
6160000
6170000
6180000
6190000
6200000
6210000
6220000
6360000
6370000
6380000
6390000
6400000
6410000
6420000
6430000
6440000
6450000
6460000
6470000
6480000
6490000
6500000
6510000
6520000
6530000
6540000
6550000
6560000
6570000
6580000
6590000
6600000
6610000
6620000
6630000
6640000
6650000
6660000
6670000
6680000
6690000
6700000
6710000
6720000
6730000
6740000
6760000
6770000
6790000
6800000
6810000
6820000
6830000
6840000
6850000
6910000
6920000
6930000
6940000
6950000
6960000
6970000
6980000
6990000
7060000
7140000
7150000
7170000
7180000
7190000
7200000
7220000
7250000
7270000
7280000
7340000
7370000
7380000
7390000
7400000
7410000
7420000
7430000
7440000
7450000
7460000
7470000
7480000
7490000
7500000
7510000
7520000
7530000
7540000
7550000
7560000
7570000
7580000
7590000
7610000
7620000
7630000
7640000
7650000
7660000
7670000
7680000
7690000
7700000
7710000
7720000
7730000
7740000
7750000
7760000
7770000
7780000
7790000
7800000
7810000
7820000
7830000
7840000
7850000
7860000
7870000
7880000
7890000
7900000
7910000
7950000
7960000
8030000
8040000
8050000
8060000
8070000
8080000
8090000
8100000
8110000
8120000
8130000
8140000
8150000
8160000
8170000
8180000
8190000
8200000
8210000
8220000
8230000
8240000
8260000
8270000
8350000
8360000
8370000
8380000
8390000
8400000
8410000
8420000
8430000
8440000
8450000
8460000
8470000
8480000
8490000
8500000
8510000
8520000
8530000
8540000
8550000
8560000
8570000
8590000
8600000
8610000
8620000
8630000
8640000
8650000
8660000
8670000
8680000
8690000
8700000
8710000
8720000
8730000
8740000
8750000
8760000
8770000
8780000
8790000
8800000
8810000
8820000
8830000
8840000
8850000
8860000
8870000
8880000
8890000
8900000
8910000
8920000
8930000
8940000
8950000
8960000
8970000
8980000
8990000
9000000
9010000
9020000
9030000
9040000
9050000
9060000
9070000
9080000
9090000
9100000
9110000
9120000
9130000
9140000
9150000
9160000
9170000
9180000
9190000
9200000
9210000
9220000
9230000
9330000
9380000
9390000
9400000
9440000
9470000
9490000
9500000
9520000
9530000
9540000
9550000
9570000
9610000
9620000
9630000
9640000
9650000
9660000
9670000
9680000
9690000
9700000
9710000
9720000
9730000
9740000
9750000
9760000
9770000
9780000
9790000
9800000
9930000
9940000
9950000
9960000
9970000
9980000
9990000
10000000
10010000
10020000
10040000
10050000
10060000
10070000
10080000
10090000
10100000
10110000
10120000
10130000
10140000
10150000
10160000
10170000
10320000
10330000
10340000
10350000
10420000
10430000
10440000
10480000
10490000
10500000
10510000
10520000
10600000
10620000
10630000
10640000
10660000
10670000
10680000
10690000
10700000
10710000
10720000
10730000
10740000
10750000
10760000
10770000
10850000
10890000
10910000
10950000
10960000
10970000
10980000
11000000
11010000
11020000
11030000
11040000
11050000
11060000
11070000
11080000
11090000
11100000
11110000
11120000
11130000
11140000
11150000
11160000
11170000
11180000
11190000
11200000
11210000
11220000
11230000
11240000
11250000
11260000
11270000
11280000
11290000
11300000
11310000
11320000
11330000
11340000
11350000
11360000
11370000
11380000
11390000
11400000
11410000
11420000
11430000
11440000
11450000
11460000
11470000
11480000
11490000
11500000
11510000
11520000
11530000
11540000
11550000
11560000
11570000
11580000
11590000
11600000
11610000
11620000
11630000
11660000
11670000
11680000
11690000
11700000
11710000
11720000
11730000
11740000
11750000
11760000
11770000
11780000
11790000
11800000
11810000
11820000
11830000
11840000
11850000
11860000
11870000
11880000
11890000
11900000
11910000
11920000
11930000
11940000
11950000
11960000
11970000
11980000
11990000
12000000
12010000
12020000
12030000
12040000
12050000
12060000
12070000
12080000
12090000
12100000
12110000
12120000
12130000
12140000
12150000
12160000
12170000
12180000
12190000
12200000
12210000
12220000
12230000
12240000
12250000
12260000
12270000
12280000
12290000
12300000
12440000
12450000
12460000
12470000
12480000
12490000
12500000
12510000
12520000
12530000
12540000
12550000
12560000
12570000
12580000
12590000
12600000
12610000
12620000
12630000
12640000
12650000
12660000
12670000
12680000
12690000
12700000
12710000
12720000
12730000
12740000
12750000
12760000
12770000
12780000
12790000
12800000
12810000
12820000
12830000
12840000
12850000
12860000
12870000
12880000
12890000
12900000
12910000
12920000
12930000
12940000
12950000
12960000
12970000
12980000
12990000
13000000
13010000
13020000
13030000
13040000
13050000
13060000
13070000
13080000
13090000
13100000
13110000
13120000
13130000
13140000
13150000
13160000
13170000
13180000
13190000
13200000
13210000
13220000
13230000
13240000
13250000
13330000
13340000
13350000
13360000
13370000
13380000
13390000
13400000
13410000
13420000
13430000
13440000
13490000
13500000
13510000
13520000
13650000
13660000
13670000
13680000
13690000
13700000
13710000
13720000
13730000
13740000
13750000
13760000
13770000
13780000
13790000
13800000
13810000
13820000
13830000
13840000
13850000
13860000
13870000
13880000
13890000
13900000
13910000
13920000
13930000
13940000
13950000
13960000
13970000
13980000
13990000
14000000
14010000
14020000
14030000
14040000
14050000
14060000
14070000
14080000
14090000
14100000
14110000
14120000
14130000
14140000
14150000
14160000
14170000
14180000
14190000
14200000
14210000
14220000
14230000
14240000
14250000
14260000
14270000
14280000
14290000
14300000
14310000
14320000
14330000
14340000
14350000
14360000
14370000
14380000
14390000
14400000
14410000
14420000
14430000
14440000
14450000
14460000
14470000
14480000
14490000
14500000
14510000
14520000
14530000
14540000
14550000
14560000
14570000
14580000
14600000
14610000
14620000
14630000
14640000
14650000
14660000
14670000
14680000
14690000
14700000
14710000
14720000
14730000
14740000
14750000
14760000
14790000
14800000
14810000
14820000
14830000
14860000
14870000
14920000
14970000
14980000
14990000
15120000
15130000
15140000
15200000
15210000
15220000
15230000
15240000
15250000
15280000
15290000
15300000
15310000
15320000
15330000
15340000
15360000
15370000
15380000
15390000
15400000
15410000
15420000
15430000
15440000
15450000
15460000
15470000
15480000
15490000
15500000
15510000
15850000
15860000
15870000
15880000
15890000
15900000
15910000
15920000
15930000
15940000
15950000
15960000
15970000
15980000
15990000
16000000
16010000
16020000
16030000
16040000
16050000
16060000
16070000
16080000
16090000
16100000
16110000
16120000
16140000
16150000
16160000
16170000
16180000
16200000
16240000
16250000
16260000
16270000
16280000
16320000
16330000
16340000
16370000
16380000
16390000
16400000
16410000
16420000
16430000
16440000
16450000
16480000
16500000
16520000
16530000
16540000
16550000
16560000
16570000
16580000
16590000
16600000
16610000
16620000
16630000
16640000
16650000
16660000
16670000
16680000
16690000
16700000
16710000
16720000
16730000
16740000
16750000
16760000
16770000
16780000
16790000
16800000
16810000
16850000
16870000
16880000
16890000
16900000
16910000
16920000
16930000
16940000
16950000
16960000
16970000
16980000
16990000
17000000
17010000
17020000
17030000
17040000
17050000
17070000
17090000
17120000
17130000
17140000
17150000
17160000
17170000
17180000
17190000
17200000
17210000
17230000
17250000
17260000
17320000
17350000
17360000
17370000
17410000
17420000
17480000
17490000
17560000
17570000
17580000
17590000
17600000
17610000
17620000
17630000
17640000
17650000
17660000
17670000
17680000
17690000
17700000
17710000
17720000
17730000
17740000
17750000
17760000
17770000
17780000
17790000
17810000
17820000
17830000
17850000
17900000
17930000
17940000
18010000
18020000
18030000
18110000
18130000
18140000
18150000
18160000
18170000
18200000
18300000
18310000
18340000
18370000
18410000
18420000
18480000
18530000
18540000
18550000
18560000
18570000
18580000
18590000
18600000
18610000
18620000
18630000
18640000
18650000
18660000
18670000
18680000
18690000
18700000
18710000
18720000
18730000
18740000
18750000
18760000
18770000
18780000
18790000
18800000
18810000
18820000
18830000
18840000
18850000
18860000
18870000
18880000
18890000
18900000
18910000
18920000
18930000
19040000
19050000
19060000
19070000
19080000
19090000
19100000
19110000
19120000
19130000
19140000
19190000
19200000
19240000
19270000
19280000
19290000
19370000
