60000
70000
80000
90000
100000
110000
120000
130000
140000
150000
160000
170000
180000
190000
200000
210000
220000
230000
240000
250000
260000
270000
280000
290000
300000
310000
320000
330000
340000
350000
360000
370000
380000
390000
400000
410000
420000
430000
440000
450000
460000
470000
480000
490000
500000
510000
520000
530000
540000
550000
560000
570000
580000
590000
600000
610000
620000
630000
640000
650000
660000
670000
680000
690000
700000
710000
720000
730000
740000
750000
760000
770000
780000
790000
800000
810000
820000
960000
970000
980000
1110000
1120000
1130000
1140000
1150000
1160000
1170000
1180000
1200000
1230000
1240000
1290000
1300000
1310000
1350000
1360000
1430000
1480000
1490000
1500000
1520000
1530000
1540000
1550000
1560000
1570000
1580000
1670000
1680000
1690000
1700000
1710000
1720000
1730000
1740000
1750000
1760000
1770000
1780000
1790000
1800000
1810000
1820000
1830000
1840000
1850000
1860000
1870000
1880000
1890000
1900000
1910000
1920000
1930000
1940000
1950000
1960000
1970000
1980000
1990000
2000000
2010000
2050000
2060000
2070000
2080000
2090000
2120000
2130000
2140000
2150000
2210000
2220000
2230000
2240000
2250000
2260000
2290000
2300000
2310000
2320000
2330000
2340000
2350000
2360000
2370000
2380000
2460000
2470000
2480000
2490000
2510000
2520000
2530000
2540000
2550000
2560000
2570000
2590000
2630000
2670000
2680000
2800000
2810000
2820000
2830000
2840000
2850000
2860000
2870000
2880000
2890000
2900000
2910000
2920000
2930000
2940000
2950000
2960000
2970000
2980000
2990000
3000000
3010000
3020000
3030000
3040000
3050000
3060000
3070000
3080000
3090000
3100000
3110000
3120000
3130000
3140000
3150000
3160000
3170000
3180000
3190000
3200000
3210000
3220000
3230000
3240000
3250000
3260000
3270000
3280000
3290000
3300000
3310000
3320000
3330000
3340000
3350000
3360000
3370000
3380000
3520000
3530000
3540000
3550000
3560000
3570000
3580000
3610000
3620000
3650000
3660000
3680000
3690000
3700000
3800000
3810000
3860000
3870000
3880000
3890000
3900000
3970000
3990000
4140000
4150000
4320000
4330000
4350000
4360000
4370000
4380000
4390000
4400000
4410000
4420000
4430000
4440000
4490000
4500000
4510000
4520000
4680000
4720000
4730000
4740000
4750000
4760000
4770000
4790000
4800000
4810000
4850000
4860000
4870000
4880000
4890000
4900000
4910000
4920000
4930000
4940000
4970000
5030000
5040000
5090000
5110000
5120000
5140000
5170000
5180000
5300000
5310000
5320000
5330000
5340000
5370000
5380000
5390000
5400000
5410000
5420000
5430000
5440000
5520000
5530000
5560000
5580000
5590000
5600000
5630000
5640000
5650000
5660000
5670000
5680000
5770000
5780000
5790000
5810000
5850000
5860000
5870000
5880000
5980000
6040000
6090000
6190000
6200000
6220000
6230000
6250000
6270000
6280000
6370000
6380000
6390000
6400000
6410000
6420000
6430000
6450000
6460000
6470000
6480000
6490000
6500000
6510000
6520000
6530000
6540000
6550000
6560000
6570000
6580000
6590000
6610000
6620000
6630000
6640000
6650000
6660000
6670000
6680000
6690000
6710000
6840000
6950000
6960000
6970000
6980000
6990000
7000000
7040000
7050000
7090000
7280000
7290000
7300000
7310000
7320000
7330000
7350000
7360000
7380000
7390000
7410000
7430000
7440000
7450000
7460000
7470000
7500000
7520000
7550000
7560000
7620000
7630000
7640000
7710000
7720000
7730000
7740000
7820000
7830000
7840000
7900000
7930000
7970000
7980000
7990000
8000000
8010000
8020000
8030000
8070000
8080000
8090000
8100000
8120000
8130000
8140000
8150000
8160000
8170000
8180000
8200000
8210000
8220000
8230000
8240000
8250000
8260000
8270000
8280000
8290000
8300000
8310000
8410000
8420000
8430000
8440000
8450000
8460000
8510000
8530000
8540000
8550000
8560000
8570000
8580000
8590000
8600000
8610000
8620000
8630000
8740000
8750000
8770000
8790000
8800000
8810000
8820000
8830000
8840000
8850000
8860000
8870000
8880000
8890000
8900000
8910000
8940000
8950000
8960000
8970000
8980000
8990000
9000000
9010000
9020000
9030000
9040000
9050000
9060000
9070000
9080000
9090000
9100000
9110000
9120000
9130000
9140000
9150000
9160000
9180000
9190000
9200000
9210000
9220000
9230000
9240000
9250000
9260000
9270000
9280000
9290000
9300000
9310000
9330000
9340000
9350000
9370000
9380000
9390000
9400000
9420000
9430000
9450000
9460000
9470000
9480000
9490000
9500000
9510000
9520000
9530000
9540000
9550000
9560000
9570000
9580000
9590000
9600000
9610000
9620000
9630000
9650000
9660000
9670000
9770000
9780000
9790000
9800000
9820000
9830000
9850000
9860000
9870000
9880000
9890000
9900000
9910000
9950000
9960000
9980000
10000000
10020000
10050000
10060000
10070000
10080000
10090000
10100000
10110000
10130000
10140000
10150000
10290000
10310000
10330000
10350000
10360000
10370000
10380000
10390000
10400000
10410000
10420000
10430000
10440000
10450000
10480000
10490000
10510000
10520000
10530000
10540000
10550000
10580000
10590000
10600000
10610000
10620000
10630000
10640000
10650000
10660000
10690000
10720000
10780000
10790000
10800000
10810000
10830000
10840000
10930000
10940000
10950000
10960000
10980000
10990000
11000000
11010000
11050000
11060000
11080000
11100000
11110000
11120000
11130000
11140000
11150000
11160000
11170000
11180000
11220000
11230000
11240000
11250000
11260000
11300000
11310000
11320000
11330000
11360000
11370000
11380000
11390000
11400000
11410000
11420000
11430000
11440000
11450000
11460000
11470000
11480000
11490000
11500000
11510000
11520000
11530000
11540000
11840000
11850000
11860000
11870000
11880000
11890000
11900000
11950000
11960000
11970000
11980000
11990000
12000000
12010000
12020000
12030000
12040000
12050000
12060000
12070000
12080000
12090000
12100000
12110000
12120000
12130000
12140000
12150000
12160000
12170000
12180000
12190000
12200000
12210000
12220000
12230000
12240000
12250000
12260000
12270000
12290000
12310000
12320000
12350000
12360000
12370000
12430000
12440000
12450000
12460000
12470000
12490000
12520000
12530000
12540000
12600000
12700000
12730000
12740000
12760000
12850000
12860000
12870000
12960000
12970000
12980000
13100000
13110000
13180000
13210000
13260000
13270000
13280000
13290000
13300000
13310000
13320000
13330000
13400000
13410000
13420000
13430000
13440000
13460000
13470000
13480000
13520000
13530000
13540000
13550000
13560000
13570000
13580000
13610000
13620000
13630000
13640000
13650000
13660000
13670000
13680000
13690000
13700000
13710000
13720000
13730000
13740000
13750000
13760000
13770000
13780000
13790000
13800000
13810000
13820000
13830000
13840000
13850000
13860000
13870000
13880000
13890000
13900000
13920000
13930000
13950000
13960000
13970000
13980000
13990000
14000000
14010000
14020000
14040000
14050000
14060000
14070000
14150000
14160000
14170000
14180000
14190000
14200000
14210000
14220000
14230000
14240000
14250000
14260000
14270000
14280000
14290000
14300000
14310000
14320000
14330000
14340000
14350000
14360000
14370000
14380000
14390000
14400000
14410000
14420000
14430000
14440000
14450000
14460000
14470000
14480000
14490000
14500000
14510000
14520000
14530000
14540000
14550000
14560000
14570000
14580000
14590000
14600000
14610000
14620000
14630000
14640000
14650000
14660000
14670000
14680000
14690000
14700000
14710000
14720000
14730000
14740000
14750000
14760000
14770000
14790000
14800000
14810000
14820000
14830000
14840000
14850000
14860000
14870000
14890000
14930000
14960000
14970000
14980000
15130000
15140000
15150000
15160000
15170000
15180000
15190000
15200000
15220000
15240000
15250000
15280000
15310000
15330000
15350000
15370000
15380000
15390000
15440000
15530000
15540000
15580000
15610000
15620000
15630000
15640000
15650000
15660000
15670000
15680000
15730000
15740000
15750000
15760000
15770000
15780000
15790000
15800000
15810000
15820000
15830000
15840000
15950000
15960000
15970000
15980000
15990000
16000000
16010000
16020000
16030000
16040000
16050000
16060000
16070000
16080000
16090000
16100000
16110000
16120000
16130000
16140000
16150000
16160000
16170000
16180000
16190000
16200000
16210000
16220000
16230000
16240000
16250000
16260000
16270000
16280000
16290000
16300000
16310000
16320000
16330000
16460000
16470000
16480000
16500000
16510000
16520000
16530000
16540000
16550000
16560000
16570000
16580000
16590000
16600000
16610000
16620000
16630000
16640000
16650000
16660000
16670000
16680000
16690000
16700000
16710000
16720000
16730000
16740000
16750000
16760000
16770000
16780000
16790000
16800000
16810000
16820000
16830000
16840000
16850000
16860000
16870000
16880000
16900000
16910000
16920000
16930000
16940000
16950000
16960000
16970000
16980000
16990000
17000000
17010000
17020000
17030000
17050000
17060000
17070000
17090000
17100000
17110000
17120000
17130000
17140000
17150000
17160000
17170000
17180000
17190000
17200000
17210000
17220000
17230000
17240000
17250000
17260000
17270000
17280000
17290000
17300000
17310000
17320000
17330000
17340000
17350000
17360000
17370000
17380000
17390000
17400000
17410000
17420000
17510000
17520000
17530000
17580000
17590000
17600000
17610000
17620000
17630000
17660000
17670000
17680000
17690000
17700000
17710000
17720000
17730000
17760000
17780000
17790000
17810000
17840000
17880000
17920000
17930000
17940000
18070000
18080000
18150000
18220000
18230000
18240000
18250000
18260000
18270000
18280000
18410000
18420000
18430000
18440000
18450000
18460000
18470000
18480000
18490000
18500000
18550000
18590000
18600000
18610000
18680000
18690000
18700000
18720000
18730000
18740000
18750000
18760000
18770000
18780000
18790000
18800000
18810000
18820000
18830000
19080000
19230000
19240000
19280000
19290000
19300000
19310000
19320000
19350000
19460000
19470000
19630000
19660000
19680000
19710000
19720000
19730000
19820000
19870000
19880000
19890000
19900000
19910000
19920000
20010000
20020000
20030000
20080000
20100000
20110000
20120000
20140000
20160000
20170000
20180000
20190000
20200000
20210000
20220000
20230000
20240000
20250000
20260000
20320000
20330000
20420000
20430000
20440000
20450000
20460000
20470000
20500000
20520000
20540000
20550000
20560000
20580000
20590000
20600000
20610000
20620000
20630000
20640000
20650000
20660000
20670000
20680000
20690000
20720000
20740000
20780000
20800000
20820000
20850000
20860000
20870000
20880000
20890000
20900000
20940000
20950000
20960000
20970000
20980000
20990000
21000000
21010000
21020000
21030000
21040000
21050000
21060000
21070000
21080000
21090000
21100000
21110000
21120000
21130000
21140000
21220000
21230000
21240000
21250000
21260000
21270000
21280000
21290000
21300000
21310000
21320000
21330000
21340000
21350000
21360000
21370000
21380000
21390000
21400000
21410000
21420000
21430000
21440000
21450000
21460000
21470000
21480000
21490000
21500000
21530000
21580000
21590000
21600000
21800000
21810000
21820000
21830000
21840000
21850000
21860000
21870000
21880000
21890000
21900000
21940000
21950000
21960000
21970000
21980000
21990000
22000000
22010000
22020000
22030000
22040000
22050000
22060000
22070000
22090000
22100000
22110000
22120000
22130000
22140000
22150000
22160000
22170000
22180000
22190000
22200000
22210000
22220000
22230000
22240000
22250000
22260000
22270000
22280000
22290000
22300000
22310000
22320000
22330000
22340000
22350000
22360000
22370000
22380000
22420000
22430000
22440000
22450000
22460000
22470000
22480000
22530000
22540000
22550000
22560000
22570000
22580000
22590000
22600000
22610000
22620000
22630000
22640000
22650000
22660000
22670000
22680000
22690000
22700000
22830000
22840000
22850000
22860000
22870000
22880000
22910000
22950000
23000000
23010000
23090000
23140000
23170000
23180000
23190000
23200000
23210000
23220000
23230000
23240000
23340000
23360000
23380000
23400000
23450000
23480000
23490000
23500000
23510000
23520000
23530000
23560000
23720000
23730000
23740000
23750000
23760000
23780000
23790000
23800000
23910000
23920000
23930000
23940000
23950000
23960000
23970000
23980000
24010000
24050000
24070000
24150000
24170000
24240000
24250000
24260000
24270000
24280000
24290000
24300000
24310000
24320000
24330000
24340000
24350000
24360000
24370000
24380000
24390000
24400000
24410000
24420000
24430000
24440000
24450000
24460000
24470000
24480000
24490000
24500000
24510000
24520000
24530000
24540000
24550000
24560000
24570000
24580000
24590000
24600000
24650000
24660000
24680000
24690000
24700000
24710000
24730000
24750000
24760000
24810000
24820000
24830000
24840000
24850000
24860000
24870000
24880000
24890000
24900000
24910000
24920000
24930000
24940000
24950000
24960000
24970000
24980000
24990000
25000000
25010000
25020000
25030000
25040000
25050000
25060000
25070000
25080000
25090000
25100000
25110000
25120000
25130000
25140000
25150000
25160000
25170000
25180000
25190000
25200000
25220000
25230000
25250000
25260000
25270000
25280000
25290000
25300000
25310000
25320000
25330000
25340000
25350000
25360000
25370000
25380000
25390000
25400000
25410000
25530000
25540000
25550000
25560000
25570000
25620000
25630000
25640000
25650000
25660000
25670000
25680000
25690000
25700000
25710000
25720000
25730000
25740000
25750000
25760000
25770000
25780000
25790000
25800000
25810000
25820000
25830000
25840000
25850000
25860000
25870000
25880000
25890000
25900000
25910000
25920000
25930000
25940000
25950000
25960000
25970000
25980000
25990000
26000000
26010000
26020000
26030000
26040000
26050000
26060000
26070000
26080000
26090000
26100000
26160000
26170000
26180000
26190000
26200000
26220000
26360000
26380000
26390000
26420000
26430000
26440000
26470000
26480000
26490000
26500000
26520000
26530000
26540000
26550000
26560000
26570000
26580000
26590000
26600000
26610000
26620000
26630000
26640000
26650000
26660000
26670000
26680000
26690000
26720000
26790000
26800000
26810000
26820000
26830000
26840000
26850000
26860000
26870000
26880000
26890000
26930000
26950000
26960000
26970000
26980000
26990000
27000000
27010000
27100000
27130000
27140000
27150000
27160000
27180000
27230000
27240000
27270000
27280000
27290000
27300000
27310000
27320000
27330000
27340000
27350000
27360000
27370000
27430000
27470000
27490000
27530000
27540000
27560000
27570000
27590000
27600000
27610000
27620000
27650000
27660000
27700000
27710000
27720000
27730000
27740000
27750000
27760000
27770000
27780000
27790000
27800000
27910000
27930000
27950000
27970000
27980000
27990000
28000000
28030000
28040000
28050000
28060000
28150000
28160000
28170000
28180000
28190000
28200000
28210000
28220000
28230000
28240000
28250000
28260000
28270000
28280000
28290000
28300000
28310000
28320000
28330000
28340000
28350000
28360000
28370000
28380000
28390000
28400000
28410000
28420000
28430000
28440000
28450000
28530000
28550000
28560000
28570000
28580000
28590000
28600000
28620000
28630000
28670000
28680000
