140000
150000
160000
200000
230000
270000
280000
290000
300000
310000
320000
330000
340000
350000
490000
500000
570000
600000
610000
620000
680000
710000
800000
820000
830000
850000
860000
870000
880000
910000
960000
970000
980000
1060000
1070000
1080000
1090000
1100000
1110000
1120000
1130000
1140000
1150000
1160000
1170000
1180000
1190000
1200000
1210000
1230000
1250000
1260000
1270000
1280000
1290000
1300000
1310000
1320000
1330000
1340000
1350000
1360000
1370000
1380000
1390000
1400000
1410000
1420000
1430000
1440000
1450000
1460000
1470000
1480000
1490000
1500000
1510000
1520000
1530000
1540000
1550000
1560000
1570000
1580000
1590000
1600000
1610000
1620000
1630000
1640000
1660000
1670000
1680000
1690000
1700000
1710000
1720000
1730000
1740000
1760000
1770000
1790000
1900000
1910000
1920000
1930000
1940000
1950000
1960000
1970000
1980000
2000000
2010000
2020000
2030000
2040000
2050000
2060000
2090000
2100000
2120000
2130000
2140000
2150000
2160000
2180000
2200000
2380000
2390000
2400000
2410000
2420000
2430000
2440000
2450000
2470000
2480000
2490000
2500000
2510000
2520000
2540000
2550000
2560000
2580000
2590000
2600000
2610000
2620000
2630000
2670000
2680000
2690000
2700000
2710000
2720000
2840000
2850000
2860000
2870000
2880000
2890000
2960000
3030000
3040000
3050000
3080000
3090000
3100000
3110000
3120000
3130000
3140000
3150000
3160000
3210000
3220000
3260000
3270000
3280000
3290000
3300000
3310000
3320000
3330000
3340000
3350000
3360000
3370000
3380000
3390000
3400000
3410000
3420000
3430000
3440000
3450000
3460000
3470000
3480000
3490000
3500000
3510000
3520000
3530000
3540000
3550000
3560000
3570000
3580000
3590000
3600000
3640000
3650000
3660000
3670000
3680000
3690000
3700000
3710000
3720000
3730000
3740000
3750000
3760000
3770000
3780000
3790000
3800000
3810000
3820000
3830000
3840000
3850000
3870000
3900000
3910000
3950000
3960000
3980000
3990000
4040000
4050000
4060000
4110000
4120000
4160000
4170000
4190000
4210000
4220000
4260000
4340000
4470000
4480000
4500000
4510000
4570000
4590000
4610000
4630000
4650000
4670000
4720000
4740000
4750000
4760000
4780000
4790000
4800000
4820000
4830000
4840000
4850000
4860000
4890000
4920000
4930000
4940000
4950000
4960000
4970000
5010000
5020000
5030000
5040000
5060000
5070000
5080000
5090000
5100000
5110000
5120000
5130000
5140000
5150000
5160000
5170000
5180000
5190000
5210000
5220000
5230000
5240000
5250000
5260000
5270000
5280000
5290000
5300000
5310000
5320000
5330000
5350000
5380000
5390000
5410000
5420000
5460000
5470000
5480000
5490000
5500000
5520000
5530000
5540000
5550000
5560000
5570000
5580000
5590000
5600000
5610000
5620000
5630000
5640000
5650000
5660000
5670000
5680000
5690000
5870000
5880000
5890000
5900000
5920000
5930000
5940000
5950000
5960000
5970000
5980000
5990000
6000000
6010000
6020000
6030000
6040000
6050000
6130000
6140000
6150000
6160000
6170000
6180000
6190000
6200000
6210000
6220000
6230000
6240000
6270000
6290000
6300000
6310000
6320000
6330000
6340000
6350000
6390000
6400000
6410000
6420000
6430000
6440000
6450000
6460000
6470000
6480000
6490000
6500000
6510000
6520000
6530000
6540000
6550000
6560000
6570000
6580000
6590000
6600000
6610000
6620000
6630000
6640000
6650000
6660000
6670000
6680000
6690000
6700000
6710000
6720000
6730000
6740000
6750000
6760000
6770000
6780000
6790000
6800000
6810000
6820000
6830000
6840000
6850000
6860000
6870000
6880000
6890000
6900000
6910000
6920000
6930000
6940000
6950000
6960000
6970000
6980000
6990000
7000000
7010000
7020000
7030000
7040000
7050000
7060000
7070000
7080000
7090000
7100000
7210000
7220000
7230000
7240000
7250000
7260000
7270000
7280000
7290000
7300000
7310000
7320000
7330000
7340000
7350000
7430000
7440000
7510000
7530000
7540000
7550000
7560000
7590000
7600000
7610000
7620000
7630000
7640000
7650000
7660000
7670000
7680000
7690000
7700000
7710000
7720000
7730000
7740000
7760000
7770000
7820000
7830000
7840000
7850000
7860000
7870000
7880000
7920000
7930000
7940000
7950000
7980000
8130000
8140000
8150000
8160000
8170000
8180000
8190000
8200000
8210000
8220000
8330000
8340000
8350000
8360000
8370000
8390000
8400000
8410000
8420000
8430000
8440000
8460000
8470000
8480000
8490000
8500000
8510000
8520000
8530000
8540000
8550000
8560000
8570000
8580000
8590000
8600000
8610000
8620000
8630000
8640000
8650000
8660000
8670000
8680000
8690000
8700000
8710000
8720000
8730000
8740000
8750000
8800000
8810000
8820000
8830000
8840000
8850000
8860000
8870000
8950000
8960000
9000000
9010000
9030000
9050000
9110000
9120000
9130000
9140000
9150000
9160000
9170000
9180000
9190000
9200000
9210000
9220000
9230000
9240000
9250000
9260000
9270000
9280000
9290000
9300000
9310000
9320000
9380000
9390000
9400000
9530000
9580000
9590000
9600000
9610000
9620000
9640000
9650000
9660000
9670000
9680000
9690000
9740000
9750000
9770000
9780000
9810000
9820000
9860000
9870000
9900000
9950000
9960000
9970000
9980000
9990000
10060000
10070000
10080000
10090000
10100000
10150000
10160000
10170000
10180000
10190000
10390000
10410000
10420000
10430000
10440000
10450000
10460000
10470000
10480000
10490000
10500000
10510000
10520000
10530000
10540000
10550000
10560000
10570000
10580000
10590000
10600000
10610000
10620000
10630000
10640000
10650000
10660000
10670000
10680000
10690000
10700000
10710000
10720000
10730000
10740000
10750000
10760000
10770000
10780000
10790000
10800000
10810000
10820000
10830000
10840000
10850000
10860000
10870000
10880000
10890000
10900000
10910000
10920000
10930000
10940000
10950000
10960000
11010000
11020000
11030000
11060000
11070000
11080000
11090000
11100000
11110000
11120000
11130000
11140000
11150000
11160000
11170000
11180000
11190000
11200000
11210000
11220000
11230000
11240000
11250000
11260000
11270000
11280000
11290000
11300000
11310000
11320000
11330000
11340000
11350000
11360000
11370000
11390000
11400000
11410000
11420000
11430000
11440000
11450000
11460000
11470000
11480000
11490000
11500000
11510000
11520000
11530000
11540000
11550000
11560000
11570000
11580000
11590000
11600000
11610000
11620000
11630000
11640000
11650000
11660000
11670000
11680000
11690000
11700000
11710000
11720000
11730000
11740000
11750000
11760000
11770000
11780000
11790000
11800000
11810000
11820000
11830000
11840000
11850000
11860000
11870000
11880000
11890000
11900000
11930000
12090000
12100000
12110000
12130000
12140000
12150000
12160000
12170000
12180000
12230000
12270000
12280000
12290000
12310000
12320000
12330000
12380000
12390000
12400000
12410000
12420000
12430000
12440000
12450000
12460000
12470000
12480000
12490000
12500000
12510000
12520000
12560000
12690000
12700000
12710000
12720000
12730000
12740000
12790000
12800000
12810000
12820000
12830000
12840000
12850000
12860000
12870000
12880000
12890000
12900000
12910000
13000000
13010000
13020000
13030000
13040000
13050000
13060000
13070000
13080000
13090000
13100000
13110000
13120000
13130000
13160000
13170000
13200000
13210000
13220000
13230000
13240000
13250000
13260000
13270000
13280000
13290000
13300000
13310000
13320000
13330000
13340000
13350000
13360000
13370000
13380000
13410000
13430000
13440000
13450000
13520000
13600000
13610000
13620000
13630000
13640000
13650000
13660000
13670000
13680000
13690000
13700000
13710000
13720000
13730000
13740000
13750000
13760000
13770000
13780000
13790000
13800000
13810000
14020000
14030000
14040000
14050000
14060000
14070000
14080000
14090000
14100000
14110000
14120000
14130000
14140000
14150000
14160000
14170000
14180000
14190000
14200000
14210000
14220000
14230000
14240000
14250000
14260000
14290000
14300000
14310000
14320000
14330000
14370000
14380000
14400000
14410000
14470000
14510000
14610000
14620000
14630000
14650000
14660000
14670000
14740000
14760000
14770000
14780000
14790000
14810000
14820000
14830000
14840000
14850000
14860000
14870000
14880000
14890000
15090000
15110000
15130000
15200000
15240000
15250000
15260000
15270000
15280000
15300000
15330000
15350000
15370000
15430000
15450000
15460000
15470000
15480000
15490000
15500000
15510000
15520000
15530000
15550000
15560000
15570000
15580000
15590000
15600000
15640000
15660000
15670000
15690000
15700000
15710000
15720000
15730000
15820000
15840000
15860000
15880000
15890000
16010000
16020000
16030000
16040000
16050000
16060000
16070000
16080000
16090000
16100000
16110000
16120000
16130000
16140000
16150000
16160000
16170000
16180000
16190000
16200000
16210000
16220000
16230000
16240000
16250000
16260000
16270000
16280000
16290000
16300000
16310000
16320000
16330000
16340000
16350000
16360000
16370000
16380000
16390000
16400000
16410000
16420000
16430000
16440000
16450000
16460000
16470000
16480000
16490000
16500000
16510000
16520000
16530000
16540000
16550000
16590000
16600000
16610000
16620000
16630000
16640000
16680000
16690000
16700000
16710000
16720000
16730000
16740000
16750000
16760000
16770000
16780000
16790000
16800000
16810000
16820000
16830000
16840000
16850000
16920000
16930000
16940000
16950000
16960000
16970000
16980000
17020000
17030000
17040000
17050000
17070000
17080000
17090000
17100000
17110000
17120000
17130000
17140000
17150000
17160000
17170000
17180000
17190000
17200000
17210000
17220000
17230000
17240000
17250000
17260000
17270000
17280000
17290000
17300000
17310000
17320000
17330000
17340000
17350000
17360000
17370000
17380000
17390000
17400000
17410000
17420000
17430000
17440000
17450000
17470000
17480000
17500000
17510000
17520000
17530000
17540000
17550000
17560000
17570000
17580000
17590000
17600000
17610000
17620000
17630000
17640000
17650000
17660000
17670000
17680000
17690000
17700000
17710000
17720000
17730000
17740000
17750000
17760000
17770000
17780000
17790000
18000000
18010000
18020000
18030000
18040000
18050000
18060000
18070000
18080000
18090000
18100000
18110000
18120000
18130000
18140000
18150000
18160000
18170000
18180000
18190000
18210000
18220000
18230000
18240000
18250000
18260000
18270000
18280000
18290000
18300000
18310000
18320000
18330000
18340000
18350000
18360000
18370000
18380000
18390000
18400000
18410000
18420000
18430000
18440000
18450000
18460000
18470000
18480000
18490000
18500000
18510000
18520000
18530000
18540000
18550000
18560000
18570000
18580000
18590000
18600000
18610000
18690000
18710000
18720000
18740000
18750000
18770000
18780000
18910000
18920000
18930000
18940000
18950000
18960000
18970000
18980000
18990000
19010000
19020000
19030000
19040000
19050000
19060000
19070000
19080000
19090000
19100000
19110000
19120000
19130000
19140000
19150000
19160000
19170000
19190000
19200000
19210000
19220000
19230000
19260000
19300000
19330000
19340000
19360000
19380000
19400000
19430000
19440000
19450000
19460000
19470000
19480000
19490000
19500000
19510000
19520000
19530000
19540000
19550000
19560000
19570000
19580000
19590000
19600000
19610000
19620000
19630000
19640000
19650000
19660000
19670000
19680000
19690000
19700000
19710000
19720000
19730000
19740000
19750000
19760000
19770000
19780000
19790000
19800000
19810000
19820000
19830000
19840000
19850000
19860000
19870000
19880000
19890000
19900000
19910000
19920000
19930000
19940000
19950000
19960000
19970000
19980000
20000000
20010000
20030000
20040000
20060000
20070000
20080000
20090000
20110000
20120000
20130000
20140000
20150000
20160000
20170000
20180000
20190000
20200000
20210000
20220000
20230000
20240000
20250000
20260000
20270000
20280000
20290000
20300000
20310000
20320000
20330000
20340000
20350000
20360000
20370000
20380000
20390000
20400000
20410000
20420000
20430000
20470000
20480000
20490000
20500000
20510000
20520000
20530000
20540000
20550000
20560000
20570000
20580000
20590000
20680000
20690000
20700000
20710000
20720000
20730000
20740000
20750000
20760000
20770000
20780000
20790000
20800000
20810000
20820000
20830000
20840000
20850000
20860000
20870000
20880000
20890000
20900000
20910000
20920000
20930000
20940000
20950000
20960000
20970000
20980000
20990000
21000000
21010000
21020000
21030000
21040000
21050000
21060000
21070000
21080000
21090000
21100000
21110000
21120000
21130000
21140000
21150000
21160000
21170000
21180000
21190000
21200000
21210000
21220000
21230000
21240000
21250000
21260000
21270000
21280000
21290000
21300000
21310000
21320000
21330000
21340000
21350000
21360000
21370000
21380000
21390000
21410000
21420000
21430000
21450000
21460000
21470000
21560000
21570000
21580000
21590000
21610000
21660000
21710000
21720000
21730000
21740000
21750000
21760000
21770000
21780000
21790000
21800000
21810000
21820000
21830000
21840000
21850000
21860000
21870000
21890000
21900000
21950000
21960000
21970000
21980000
21990000
22000000
22010000
22020000
22030000
22040000
22050000
22060000
22070000
22080000
22090000
22100000
22110000
22120000
22130000
22140000
22160000
22170000
22230000
22250000
22270000
22280000
22290000
22300000
22310000
22340000
22390000
22440000
22500000
22510000
22570000
22580000
22590000
22600000
22610000
22620000
22650000
22670000
22720000
22730000
22740000
22750000
22760000
22770000
22780000
22790000
22800000
22810000
22820000
22830000
22840000
22880000
22890000
22900000
22920000
22930000
22940000
23090000
23120000
23150000
23160000
23170000
23180000
23190000
23200000
23210000
23220000
23250000
23260000
23310000
23320000
23330000
23430000
