30000
50000
60000
80000
160000
180000
220000
230000
240000
280000
320000
330000
340000
360000
370000
470000
490000
510000
560000
580000
610000
620000
650000
660000
740000
750000
770000
780000
790000
800000
810000
850000
870000
880000
890000
900000
920000
930000
970000
990000
1010000
1020000
1080000
1250000
1260000
1280000
1290000
1320000
1330000
1340000
1350000
1370000
1380000
1390000
1400000
1410000
1420000
1430000
1440000
1450000
1460000
1480000
1490000
1530000
1540000
1590000
1600000
1610000
1630000
1640000
1700000
1710000
1720000
1750000
1780000
1790000
1800000
1810000
1820000
1830000
1840000
1850000
1860000
1920000
1930000
1950000
2010000
2030000
2040000
2050000
2060000
2070000
2080000
2090000
2100000
2140000
2150000
2180000
2190000
2200000
2220000
2250000
2280000
2300000
2310000
2320000
2330000
2340000
2350000
2410000
2430000
2470000
2480000
2500000
2510000
2520000
2530000
2540000
2550000
2570000
2590000
2640000
2650000
2660000
2680000
2690000
2790000
2800000
2810000
2820000
2830000
2840000
2850000
2860000
2870000
2880000
2890000
2900000
2910000
2920000
2930000
2940000
2950000
2960000
2970000
2980000
2990000
3000000
3010000
3020000
3030000
3040000
3080000
3150000
3170000
3180000
3200000
3210000
3220000
3330000
3340000
3350000
3360000
3370000
3380000
3390000
3420000
3430000
3450000
3510000
3520000
3530000
3540000
3550000
3560000
3570000
3600000
3610000
3620000
3660000
3690000
3700000
3740000
3750000
3780000
3830000
3850000
3870000
3880000
3920000
3930000
3950000
3960000
3980000
3990000
4000000
4010000
4020000
4040000
4110000
4130000
4240000
4280000
4290000
4300000
4310000
4350000
4370000
4420000
4430000
4440000
4450000
4460000
4470000
4480000
4490000
4510000
4520000
4540000
4600000
4620000
4660000
4690000
4700000
4710000
4720000
4730000
4740000
4750000
4760000
4770000
4780000
4790000
4830000
4840000
4850000
4860000
4870000
4880000
4930000
4940000
4950000
4970000
5000000
5010000
5020000
5040000
5050000
5080000
5090000
5100000
5110000
5120000
5150000
5160000
5180000
5190000
5200000
5220000
5230000
5240000
5250000
5280000
