30000
40000
60000
70000
80000
120000
130000
180000
190000
210000
220000
230000
300000
310000
320000
330000
350000
360000
390000
400000
410000
420000
430000
440000
450000
460000
470000
480000
490000
560000
570000
580000
590000
600000
610000
620000
630000
640000
650000
660000
670000
680000
690000
700000
710000
720000
730000
740000
790000
800000
810000
820000
830000
840000
850000
860000
870000
880000
890000
910000
920000
930000
940000
950000
960000
970000
980000
990000
1000000
1010000
1020000
1030000
1040000
1060000
1070000
1080000
1090000
1130000
1140000
1160000
1170000
1180000
1190000
1200000
1210000
1220000
1230000
1240000
1250000
1270000
1280000
1290000
1370000
1380000
1390000
1400000
1410000
1420000
1430000
1440000
1450000
1460000
1470000
1480000
1490000
1500000
1510000
1520000
1530000
1540000
1550000
1560000
1570000
1580000
1590000
1600000
1610000
1620000
1630000
1640000
1650000
1660000
1670000
1680000
1690000
1700000
1710000
1720000
1730000
1740000
1750000
1760000
1810000
1820000
1830000
1840000
1850000
1860000
1870000
1880000
1890000
1900000
1910000
1920000
1930000
1940000
1960000
1970000
1980000
1990000
2000000
2010000
2020000
2030000
2040000
2050000
2060000
2070000
2080000
2090000
2100000
2110000
2120000
2130000
2140000
2150000
2160000
2170000
2180000
2210000
2220000
2230000
2240000
2250000
2270000
2300000
2310000
2320000
2330000
2340000
2350000
2360000
2370000
2380000
2390000
2400000
2410000
2420000
2430000
2440000
2450000
2520000
2650000
2730000
2750000
2760000
2770000
2790000
2800000
2810000
2890000
2900000
2910000
2920000
2930000
2940000
2950000
2960000
2970000
2980000
2990000
3000000
3010000
3020000
3340000
3350000
3360000
3370000
3380000
3390000
3400000
3410000
3420000
3430000
3440000
3450000
3460000
3470000
3480000
3490000
3500000
3510000
3520000
3530000
3540000
3550000
3560000
3570000
3580000
3590000
3600000
3710000
3720000
3730000
3740000
3810000
3820000
3830000
3840000
3850000
3860000
3870000
3880000
3890000
3900000
3910000
3920000
3970000
3980000
3990000
4000000
4010000
4020000
4030000
4040000
4050000
4060000
4070000
4090000
4150000
4200000
4290000
4300000
4310000
4390000
4400000
4410000
4420000
4430000
4440000
4450000
4460000
4470000
4480000
4490000
4560000
4570000
4580000
4590000
4600000
4610000
4620000
4630000
4640000
4650000
4660000
4670000
4680000
4690000
4700000
4710000
4720000
4730000
4740000
4750000
4830000
4840000
4850000
4860000
4870000
4890000
4900000
4910000
4920000
4930000
4940000
4950000
4960000
4970000
4980000
4990000
5000000
5010000
5100000
5120000
5130000
5330000
5340000
5350000
5360000
5370000
5380000
5390000
5410000
5420000
5430000
5440000
5450000
5470000
5480000
5490000
5500000
5540000
5550000
5560000
5570000
5580000
5590000
5600000
5610000
5620000
5630000
5640000
5650000
5660000
5670000
5680000
5690000
5700000
5710000
5730000
5750000
5760000
5770000
5780000
5790000
5800000
5870000
5900000
5980000
5990000
6000000
6020000
6030000
6040000
6050000
6060000
6070000
6080000
6090000
6100000
6110000
6120000
6140000
6150000
6160000
6170000
6180000
6190000
6200000
6210000
6360000
6370000
6380000
6390000
6400000
6410000
6420000
6430000
6440000
6450000
6460000
6470000
6480000
6490000
6500000
6510000
6520000
6530000
6540000
6550000
6560000
6620000
6640000
6650000
6660000
6690000
6700000
6710000
6730000
6760000
6770000
6780000
6810000
6830000
6920000
7000000
7010000
7020000
7030000
7040000
7140000
7150000
7160000
7190000
7240000
7250000
7260000
7270000
7280000
7330000
7340000
7350000
7410000
7480000
7490000
7500000
7510000
7600000
7610000
7620000
7630000
7650000
7660000
7680000
7710000
7830000
7840000
7850000
7860000
7870000
7880000
7890000
7900000
7910000
7920000
7930000
7940000
7950000
7960000
7970000
7980000
7990000
8000000
8020000
8030000
8040000
8050000
8060000
8070000
8080000
8090000
8100000
8110000
8120000
8130000
8140000
8150000
8160000
8170000
8180000
8190000
8200000
8210000
8220000
8230000
8240000
8250000
8260000
8270000
8280000
8300000
8310000
8320000
8330000
8340000
8350000
8360000
8370000
8380000
8390000
8400000
8410000
8420000
8430000
8440000
8450000
8460000
8470000
8480000
8490000
8500000
8510000
8520000
8530000
8540000
8550000
8560000
8570000
8580000
8590000
8600000
8610000
8620000
8630000
8640000
8650000
8660000
8680000
8700000
8710000
8720000
8730000
8740000
8760000
8770000
8780000
8790000
8800000
8810000
8820000
8830000
8840000
8850000
8860000
8870000
8880000
8890000
8900000
8910000
8920000
8930000
8940000
8950000
8960000
8970000
8980000
8990000
9000000
9010000
9020000
9030000
9040000
9050000
9060000
9070000
9080000
9090000
9100000
9110000
9120000
9130000
9140000
9280000
9300000
9310000
9330000
9340000
9350000
9360000
9370000
9380000
9390000
9400000
9410000
9420000
9430000
9440000
9450000
9460000
9470000
9480000
9520000
9630000
9640000
9650000
9660000
9670000
9680000
9710000
9720000
9730000
9750000
9780000
9790000
9820000
9870000
9880000
9890000
9900000
9910000
9920000
9930000
9940000
9950000
9960000
9970000
9980000
9990000
10000000
10010000
10020000
10030000
10040000
10050000
10060000
10070000
10080000
10090000
10100000
10110000
10120000
10130000
10140000
10150000
10160000
10170000
10180000
10190000
10200000
10210000
10220000
10230000
10240000
10250000
10270000
10280000
10290000
10420000
10430000
10440000
10450000
10460000
10470000
10480000
10490000
10500000
10540000
10550000
10560000
10570000
10580000
10590000
10600000
10610000
10620000
10630000
10640000
10670000
10690000
10780000
10840000
10880000
10890000
10900000
10920000
10960000
10990000
11000000
11040000
11080000
11120000
11130000
11140000
11150000
11160000
11170000
11180000
11190000
11200000
11210000
11220000
11230000
11240000
11250000
11260000
11270000
11300000
11310000
11320000
11330000
11340000
11350000
11360000
11420000
11460000
11470000
11510000
11520000
11530000
11610000
11620000
11660000
11670000
11710000
11720000
11730000
11740000
11750000
11760000
11820000
11830000
11840000
11850000
11870000
11900000
11940000
11950000
12020000
12030000
12050000
12060000
12070000
12080000
12100000
12110000
12130000
12140000
12150000
12160000
12170000
12240000
12250000
12260000
12480000
12490000
12500000
12510000
12520000
12530000
12540000
12550000
12560000
12570000
12580000
12590000
12600000
12610000
12620000
12630000
12640000
12650000
12660000
12670000
12680000
12690000
12700000
12710000
12720000
12730000
12740000
12750000
12760000
12770000
12780000
12790000
12800000
12810000
12820000
12830000
12840000
12850000
12860000
12870000
12890000
12900000
12920000
12930000
12940000
12950000
12960000
12970000
12980000
12990000
13000000
13010000
13020000
13030000
13040000
13090000
13100000
13160000
13190000
13260000
13270000
13280000
13310000
13400000
13420000
13430000
13440000
13450000
13600000
13610000
13620000
13650000
13700000
13710000
13720000
13730000
13740000
13750000
13760000
13860000
13870000
13880000
13890000
13900000
13920000
13930000
13940000
13950000
13960000
13970000
13980000
13990000
14000000
14010000
14080000
14090000
14100000
14110000
14120000
14130000
14140000
14150000
14160000
14170000
14180000
14190000
14200000
14210000
14220000
14230000
14240000
14250000
14260000
14270000
14280000
14310000
14320000
14330000
14340000
14350000
14480000
14490000
14500000
14510000
14520000
14530000
14580000
14900000
14920000
14930000
14970000
14980000
14990000
15000000
15010000
15020000
15030000
15050000
15190000
15210000
15280000
15290000
15300000
15310000
15320000
15340000
15350000
15360000
15370000
15380000
15390000
15400000
15410000
15420000
15430000
15440000
15450000
15460000
15470000
15480000
15490000
15500000
15510000
15520000
15530000
15540000
15550000
15560000
15570000
15580000
15590000
15600000
15610000
15620000
15630000
15640000
15650000
15660000
15670000
15680000
15690000
15700000
15720000
15730000
15740000
15750000
15760000
15770000
15780000
15790000
15800000
15810000
15830000
15840000
15850000
15860000
15870000
15910000
15920000
15930000
15940000
15950000
15960000
15970000
15980000
15990000
16000000
16010000
16020000
16030000
16040000
16050000
16060000
16070000
16080000
16090000
16100000
16110000
16120000
16130000
16140000
16160000
16210000
16220000
16230000
16240000
16300000
16310000
16320000
16330000
16340000
16360000
16370000
16440000
16450000
16460000
16470000
16480000
16490000
16500000
16510000
16520000
16530000
16550000
16560000
16570000
16610000
16620000
16630000
16640000
16650000
16660000
16670000
16680000
16690000
16700000
16720000
16730000
16740000
16750000
16760000
16770000
16780000
16790000
16800000
16810000
16820000
16830000
16840000
16930000
16940000
16950000
16960000
16970000
16980000
16990000
17000000
17010000
17020000
17030000
17040000
17050000
17060000
17070000
17080000
17090000
17100000
17110000
17120000
17130000
17140000
17150000
17210000
17220000
17240000
17250000
17260000
17270000
17280000
17290000
17300000
17310000
17320000
17330000
17340000
17370000
17380000
17410000
17490000
17500000
17540000
17570000
17580000
17590000
17600000
17610000
17660000
17680000
17690000
17700000
17730000
17740000
17750000
17760000
17940000
17950000
17960000
17970000
18060000
18070000
18090000
18100000
18110000
18140000
18170000
18220000
18230000
18240000
18250000
18360000
18370000
18430000
18440000
18560000
18570000
18580000
18640000
18650000
18660000
18670000
18680000
18690000
18700000
18710000
18720000
18730000
18740000
18750000
18760000
18770000
18780000
18790000
18800000
18810000
18820000
18830000
18840000
18850000
18860000
18870000
18900000
18910000
18920000
18930000
18940000
18950000
18960000
18970000
18980000
18990000
19000000
19050000
19060000
19070000
19080000
19090000
19100000
19110000
19130000
19140000
19190000
19220000
19250000
19260000
19270000
19280000
19290000
19300000
19310000
19340000
19350000
19360000
19380000
19390000
19400000
19470000
19480000
19490000
19500000
19540000
19550000
19560000
19570000
19580000
19620000
19630000
19710000
19720000
19730000
19740000
19750000
19760000
19770000
19780000
19800000
19810000
19820000
19830000
19840000
19850000
19860000
19870000
19880000
19890000
19900000
19910000
19920000
19930000
19940000
19950000
19960000
19970000
19980000
19990000
20000000
20010000
20020000
20030000
20040000
20050000
20060000
20070000
20090000
20100000
20110000
20120000
20130000
20140000
20150000
20160000
20170000
20180000
20190000
20200000
20210000
20220000
20230000
20240000
20250000
20260000
20270000
20280000
20290000
20300000
20310000
20320000
20330000
20340000
20350000
20360000
20370000
20380000
20390000
20400000
20410000
20420000
20430000
20440000
20540000
20570000
20580000
20620000
20630000
20640000
20680000
20780000
20790000
20800000
20810000
20820000
20830000
20840000
20850000
20860000
20900000
20910000
20920000
20930000
20940000
20950000
20980000
20990000
21000000
21010000
21020000
21030000
21040000
21050000
21060000
21070000
21080000
21090000
21100000
21110000
21120000
21130000
21140000
21150000
21160000
21170000
21180000
21190000
21200000
21270000
21280000
21290000
21300000
21310000
21320000
21330000
21370000
21380000
21410000
21420000
21430000
21440000
21450000
21460000
21470000
21490000
21550000
21580000
21610000
21620000
21640000
21650000
21660000
21770000
21780000
21790000
21800000
21810000
21820000
21840000
21860000
21870000
21880000
21910000
22000000
22030000
22070000
22080000
22100000
22110000
22120000
22130000
22140000
22150000
22160000
22170000
22180000
22190000
22200000
22210000
22220000
22230000
22240000
22250000
22260000
22270000
22280000
22290000
22300000
22310000
22320000
22330000
22340000
22350000
22360000
22370000
22380000
22390000
22400000
22410000
22420000
22430000
22440000
22450000
22460000
22470000
22480000
22490000
22500000
22510000
22520000
22530000
22540000
22550000
22560000
22570000
22580000
22590000
22600000
22610000
22620000
22630000
22640000
22650000
22660000
22670000
22680000
22690000
22700000
22710000
22720000
22730000
22750000
22770000
22780000
22790000
22800000
22810000
22820000
22830000
22880000
22890000
22970000
22980000
22990000
23000000
23050000
23060000
23070000
23080000
23090000
23100000
23130000
23140000
23150000
23170000
23180000
23270000
23280000
23290000
23300000
23310000
23320000
23330000
23340000
23350000
23360000
23370000
23380000
23390000
23400000
23410000
23420000
23430000
23440000
23450000
23460000
23470000
23480000
23490000
23500000
23510000
23520000
23530000
23540000
23550000
23570000
23580000
23590000
23600000
23610000
23620000
23630000
23640000
23650000
23660000
23670000
23680000
23690000
23700000
23710000
23720000
23730000
23740000
23750000
23760000
23770000
23780000
23790000
23800000
23810000
23820000
23830000
23840000
23850000
23860000
23870000
23880000
23890000
23900000
23910000
24120000
24130000
24140000
24150000
24160000
24170000
24180000
24190000
24200000
24210000
24220000
24230000
24240000
24250000
24260000
24270000
24280000
24290000
24300000
24310000
24330000
24340000
24350000
24360000
24370000
24380000
24390000
24400000
24410000
24420000
24430000
24440000
24450000
24460000
24470000
24480000
24490000
24500000
24510000
24520000
24530000
24540000
24550000
24560000
24570000
24580000
24590000
24600000
24610000
24620000
24630000
24640000
24650000
24660000
24670000
24680000
24690000
24700000
24710000
24720000
24730000
24740000
24770000
24780000
24790000
24800000
24810000
24820000
24830000
24840000
24850000
24860000
24870000
24880000
24890000
24900000
24990000
25000000
25010000
25020000
25030000
25050000
25060000
25070000
25080000
25090000
25100000
25110000
25120000
25130000
25140000
25150000
25160000
25170000
25180000
25190000
25200000
25210000
25220000
25230000
25240000
25250000
25260000
25270000
25280000
25290000
25300000
25310000
25320000
25460000
25470000
25490000
25500000
25510000
25520000
25530000
25570000
25580000
25730000
25740000
25780000
25790000
25800000
25830000
25840000
25850000
25860000
25870000
25880000
25890000
25930000
25940000
25980000
26040000
26050000
26180000
26190000
26200000
26210000
26220000
26230000
26240000
26250000
26260000
26270000
26280000
26290000
26300000
26310000
26320000
26330000
26420000
26430000
26480000
26490000
26500000
26510000
26520000
26540000
26550000
26560000
26570000
26580000
26590000
26600000
26610000
26620000
26630000
26640000
26650000
26690000
26700000
26710000
26720000
26730000
26740000
26750000
26760000
26770000
26780000
26790000
26800000
26810000
26820000
26830000
26840000
26850000
26860000
26870000
26890000
26900000
26910000
26920000
26930000
26940000
26950000
26960000
26970000
26980000
26990000
27000000
27010000
27020000
27030000
27040000
27050000
27060000
27070000
27080000
27090000
27360000
27370000
27420000
27430000
27440000
27450000
27470000
27480000
27540000
27560000
27570000
27580000
27620000
27630000
27650000
27680000
27690000
27720000
27730000
27820000
27830000
27870000
27880000
27900000
27920000
27930000
27940000
27950000
27960000
27970000
27980000
28000000
28010000
28030000
28040000
28050000
28060000
28070000
28080000
28090000
28100000
28110000
28120000
28130000
28140000
28150000
28160000
28170000
28180000
28190000
28200000
28210000
28220000
28230000
28240000
28250000
28260000
28270000
28280000
28290000
28300000
28310000
28320000
28330000
28350000
28360000
28370000
28420000
28440000
28450000
28460000
28470000
28480000
28490000
28500000
28510000
28520000
28530000
28540000
28550000
28560000
28570000
28580000
28590000
28600000
28610000
28620000
28630000
28640000
28650000
28660000
28670000
28680000
28690000
28840000
28850000
28860000
28870000
28880000
28890000
28900000
28910000
28920000
28930000
28940000
28950000
28960000
28970000
28980000
28990000
29000000
29010000
29020000
29030000
29040000
29050000
29060000
29070000
29080000
29090000
29100000
29110000
29130000
29140000
29150000
29180000
29190000
29200000
29520000
29530000
29540000
29550000
29560000
29570000
29580000
29590000
29600000
29610000
29620000
29630000
29640000
29650000
29660000
29670000
29680000
29690000
29700000
29710000
29720000
29730000
29740000
29750000
29760000
29840000
29930000
30000000
30060000
30070000
30080000
30130000
30180000
30220000
30230000
30240000
30250000
30260000
30270000
30280000
30290000
30300000
30310000
30320000
30330000
30340000
30350000
30360000
30370000
30380000
30390000
30400000
30410000
30420000
30430000
30440000
30450000
30460000
30730000
30750000
30770000
30780000
30790000
30800000
30810000
30820000
30830000
30840000
30850000
30860000
30870000
30880000
30890000
30910000
30920000
30940000
30950000
30960000
30970000
30980000
30990000
31000000
31010000
31020000
31030000
31040000
31050000
31060000
31070000
31080000
31100000
31110000
31120000
31190000
31200000
31210000
31220000
31230000
31240000
31250000
31260000
31270000
31280000
31290000
31300000
31310000
31320000
31330000
31340000
31350000
31370000
31380000
31390000
31400000
31410000
31420000
31430000
31440000
31450000
31460000
31470000
31490000
31500000
31510000
31520000
31530000
31540000
31550000
31560000
31570000
31580000
31590000
31600000
31610000
31620000
31630000
31640000
31650000
31660000
31670000
31680000
31690000
31700000
31710000
31720000
31730000
31740000
31750000
31760000
31770000
31780000
31790000
31800000
31810000
31820000
31830000
31840000
31850000
31860000
31870000
31880000
31890000
31900000
31910000
31920000
31930000
31940000
31950000
31960000
31970000
31980000
31990000
32000000
32010000
32020000
32030000
32040000
32050000
32060000
32070000
32080000
32090000
32100000
32110000
32120000
32130000
32140000
32200000
32210000
32220000
32230000
32240000
32250000
32260000
32270000
32280000
32290000
32300000
32310000
32320000
32330000
32340000
32350000
32360000
32370000
32380000
32390000
32400000
32410000
32420000
32430000
32440000
32450000
32460000
32530000
32540000
32550000
32560000
32570000
32580000
32590000
32600000
32610000
32620000
32730000
32740000
32750000
32760000
32770000
32780000
32790000
32800000
32810000
32920000
32930000
32940000
32950000
32960000
32970000
32980000
32990000
33000000
33010000
33020000
33030000
33040000
33050000
33060000
33070000
33080000
33090000
33100000
33110000
33120000
33130000
33140000
33150000
33160000
33170000
33180000
33190000
33200000
33210000
33220000
33230000
33240000
33250000
33260000
33270000
33280000
33290000
33300000
33310000
33320000
33330000
33340000
33350000
33360000
33370000
33380000
33390000
33400000
33410000
33420000
33430000
33440000
33450000
33460000
33470000
33480000
33490000
33500000
33510000
33520000
33530000
33540000
33550000
33560000
33570000
33580000
33590000
33600000
33610000
33620000
33630000
33640000
33650000
33660000
33670000
33680000
33690000
33700000
33710000
33720000
33730000
33740000
33750000
33760000
33770000
33780000
33790000
33800000
33810000
33820000
33830000
33840000
33850000
33860000
33870000
33880000
33890000
33900000
33910000
33920000
33930000
33940000
33950000
33960000
33970000
33980000
33990000
34000000
34010000
34020000
34040000
34080000
34090000
34100000
34110000
34120000
34130000
34140000
34150000
34190000
34200000
34210000
34220000
34270000
34340000
34350000
34360000
34380000
34390000
34400000
34410000
34420000
34440000
34450000
34460000
34470000
34480000
34490000
34500000
34510000
34530000
34540000
34550000
34560000
34570000
34580000
34590000
34610000
34620000
34690000
34700000
34710000
34720000
34750000
34770000
34780000
34790000
34800000
34820000
34830000
34860000
34870000
34880000
34890000
34900000
34920000
34930000
34940000
34950000
34960000
34970000
34980000
34990000
35070000
35080000
35090000
35100000
35110000
35120000
35130000
35140000
35150000
35230000
35270000
35280000
35290000
35300000
35310000
35320000
35330000
35340000
35350000
35360000
35370000
35380000
35390000
35400000
35410000
35420000
35430000
35440000
35450000
35460000
35470000
35480000
35490000
35500000
35510000
35520000
35530000
35540000
35550000
35560000
35610000
35620000
35630000
35640000
35650000
35660000
35670000
35680000
35690000
35730000
35750000
35780000
35790000
35800000
35810000
35850000
35860000
35870000
35880000
35940000
35950000
35960000
35970000
35980000
36030000
36050000
36110000
36120000
36130000
36140000
36150000
36160000
36170000
36180000
