140000
150000
160000
170000
180000
230000
240000
250000
260000
270000
290000
320000
330000
360000
420000
430000
460000
470000
480000
490000
500000
510000
520000
530000
540000
550000
560000
580000
590000
600000
610000
620000
630000
640000
650000
660000
670000
750000
760000
770000
780000
790000
820000
830000
840000
850000
870000
880000
890000
900000
910000
920000
960000
970000
990000
1000000
1130000
1250000
1260000
1270000
1290000
1340000
1350000
1360000
1370000
1380000
1390000
1400000
1410000
1460000
1480000
1490000
1500000
1510000
1520000
1530000
1540000
1550000
1560000
1570000
1580000
1590000
1600000
1610000
1620000
1630000
1640000
1650000
1670000
1680000
1690000
1700000
1720000
1730000
1760000
1770000
1780000
1800000
1820000
1850000
1860000
1870000
1880000
2060000
2070000
2080000
2100000
2110000
2120000
2130000
2190000
2200000
2260000
2270000
2280000
2290000
2300000
2310000
2320000
2330000
2340000
2350000
2360000
2370000
2380000
2390000
2400000
2410000
2420000
2430000
2440000
2450000
2460000
2470000
2480000
2490000
2500000
2510000
2530000
2540000
2550000
2560000
2620000
2630000
2660000
2670000
2820000
2830000
2850000
2870000
2880000
2890000
2910000
2920000
2930000
2940000
2950000
2960000
2970000
2980000
2990000
3010000
3020000
3030000
3040000
3050000
3060000
3070000
3080000
3090000
3100000
3110000
3120000
3130000
3140000
3150000
3170000
3180000
3190000
3200000
3210000
3220000
3230000
3250000
3260000
3270000
3280000
3290000
3300000
3310000
3330000
3490000
3500000
3520000
3530000
3540000
3550000
3560000
3570000
3580000
3590000
3600000
3610000
3620000
3630000
3650000
3660000
3670000
3680000
3690000
3700000
3710000
3720000
3730000
3740000
3750000
3760000
3770000
3780000
3790000
3800000
3810000
3820000
3830000
3840000
3850000
3860000
4050000
4070000
4080000
4090000
4120000
4220000
4230000
4240000
4250000
4260000
4270000
4280000
4290000
4300000
4310000
4320000
4330000
4340000
4350000
4360000
4370000
4380000
4390000
4400000
4410000
4420000
4430000
4440000
4450000
4460000
4470000
4480000
4490000
4500000
4510000
4520000
4530000
4540000
4550000
4560000
4570000
4580000
4590000
4600000
4610000
4620000
4630000
4640000
4650000
4670000
4680000
4690000
4700000
4710000
4720000
4730000
4740000
4750000
4760000
4770000
4780000
4790000
4800000
4810000
4820000
4830000
4840000
4850000
4860000
4870000
4880000
4890000
4900000
4910000
4920000
4930000
4940000
4950000
4960000
4970000
4980000
4990000
5000000
5010000
5020000
5030000
5040000
5050000
5060000
5070000
5090000
5100000
5110000
5120000
5130000
5140000
5150000
5160000
5170000
5180000
5190000
5200000
5210000
5220000
5230000
5240000
5250000
5260000
5270000
5280000
5290000
5300000
5310000
5320000
5330000
5340000
5350000
5360000
5370000
5380000
5390000
5400000
5410000
5420000
5430000
5440000
5450000
5460000
5470000
5480000
5500000
5510000
5520000
5530000
5540000
5550000
5560000
5570000
5580000
5590000
5600000
5610000
5620000
5630000
5640000
5650000
5660000
5670000
5680000
5690000
5700000
5710000
5720000
5730000
5740000
5750000
5760000
5770000
5780000
5790000
5800000
5810000
5820000
5830000
5840000
5850000
5860000
5870000
5880000
5890000
5900000
5910000
5920000
5930000
5940000
5950000
5960000
5970000
5980000
5990000
6000000
6010000
6020000
6030000
6040000
6090000
6100000
6110000
6120000
6130000
6140000
6150000
6160000
6170000
6180000
6190000
6200000
6210000
6220000
6230000
6240000
6250000
6270000
6280000
6290000
6300000
6310000
6320000
6330000
6340000
6350000
6370000
6390000
6470000
6480000
6500000
6510000
6520000
6530000
6570000
6580000
6590000
6600000
6610000
6620000
6630000
6650000
6660000
6670000
6680000
6830000
6840000
6860000
6870000
6880000
6890000
6900000
6910000
6920000
6930000
6940000
6950000
6960000
6970000
6980000
6990000
7000000
7010000
7020000
7030000
7050000
7060000
7070000
7080000
7090000
7100000
7110000
7120000
7130000
7140000
7150000
7180000
7190000
7220000
7230000
7240000
7250000
7270000
7280000
7330000
7360000
7370000
7380000
7390000
7400000
7410000
7420000
7430000
7440000
7450000
7460000
7470000
7480000
7490000
7500000
7520000
7550000
7560000
7570000
7580000
7590000
7620000
7630000
7640000
7650000
7660000
7670000
7680000
7690000
7700000
7710000
7740000
7750000
7780000
7790000
7800000
7810000
7820000
7830000
7840000
7880000
7900000
7910000
7920000
7950000
7980000
7990000
8000000
8010000
8020000
8030000
8040000
8050000
8060000
8070000
8130000
8180000
8190000
8250000
8260000
8270000
8280000
8290000
8300000
8310000
8320000
8330000
8340000
8350000
8360000
8370000
8380000
8390000
8400000
8410000
8420000
8430000
8440000
8480000
8490000
8520000
8530000
8540000
8550000
8560000
8580000
8590000
8610000
8620000
8630000
8640000
8650000
8660000
8670000
8680000
8690000
8700000
8710000
8720000
8730000
8740000
8750000
8760000
8800000
8820000
8870000
8880000
8890000
8900000
8910000
8920000
8930000
8940000
8950000
8960000
8970000
8990000
9000000
9010000
9020000
9030000
9040000
9050000
9060000
9070000
9080000
9090000
9100000
9110000
9120000
9140000
9150000
9160000
9170000
9180000
9190000
9200000
9210000
9220000
9230000
9240000
9250000
9260000
9270000
9280000
9290000
9300000
9310000
9320000
9330000
9340000
9350000
9360000
9370000
9400000
9410000
9440000
9470000
9580000
9590000
9600000
9660000
9680000
9700000
9750000
9770000
9780000
9790000
9800000
9810000
9820000
9830000
9840000
9850000
9860000
9870000
9890000
9910000
9930000
9950000
10000000
10010000
10020000
10030000
10040000
10050000
10060000
10070000
10080000
10090000
10100000
10110000
10120000
10130000
10140000
10150000
10160000
10260000
10270000
10280000
10290000
10300000
10310000
10320000
10330000
10340000
10350000
10360000
10370000
10380000
10390000
10400000
10410000
10420000
10430000
10440000
10450000
10460000
10470000
10480000
10490000
10500000
10510000
10520000
10530000
10540000
10550000
10560000
10570000
10610000
10640000
10670000
10680000
10730000
10750000
10760000
10770000
10790000
10810000
10820000
10830000
10840000
10970000
10980000
10990000
11000000
11010000
11020000
11030000
11040000
11050000
11060000
11070000
11080000
11090000
11100000
11110000
11120000
11130000
11140000
11150000
11160000
11170000
11180000
11190000
11200000
11210000
11220000
11230000
11240000
11250000
11260000
11270000
11280000
11290000
11300000
11310000
11320000
11360000
11390000
11400000
11410000
11420000
11430000
11440000
11450000
11460000
11560000
11570000
11580000
11590000
11610000
11630000
11640000
11760000
11770000
11780000
11790000
11800000
11810000
11820000
11830000
11840000
11850000
11860000
11870000
11880000
11890000
11900000
11910000
11920000
11930000
11940000
11950000
11960000
11970000
11980000
11990000
12000000
12020000
12030000
12040000
12050000
12060000
12070000
12080000
12090000
12100000
12110000
12120000
12130000
12140000
12150000
12160000
12170000
12180000
12190000
12200000
12220000
12230000
12240000
12250000
12260000
12270000
12330000
12350000
12380000
12410000
12420000
12430000
12450000
12470000
12490000
12500000
12510000
12550000
12570000
12590000
12640000
12650000
12670000
12680000
12710000
12750000
12790000
12800000
12810000
12830000
12870000
12880000
12890000
12930000
12940000
12950000
12960000
12970000
12980000
13150000
13160000
13170000
13190000
13200000
13210000
13220000
13230000
13240000
13290000
13300000
13310000
13320000
13330000
13340000
13350000
13360000
13370000
13380000
13390000
13400000
13440000
13460000
13470000
13480000
13490000
13500000
13510000
13520000
13530000
13540000
13550000
13560000
13570000
13580000
13590000
13600000
13610000
13630000
13650000
13660000
13670000
13680000
13690000
13710000
13720000
13760000
13770000
13780000
13790000
13810000
13850000
13860000
13870000
13880000
13890000
13900000
13910000
13920000
13930000
13940000
13950000
13960000
13970000
13980000
13990000
14000000
14010000
14020000
14030000
14040000
14050000
14060000
14080000
14090000
14100000
14110000
14120000
14130000
14140000
14150000
14160000
14170000
14180000
14190000
14200000
14210000
14220000
14230000
14240000
14250000
14260000
14270000
14280000
14290000
14300000
14310000
14380000
14390000
14400000
14420000
14440000
14450000
14460000
14470000
14480000
14490000
14510000
14520000
14530000
14550000
14560000
14570000
14590000
14600000
14610000
14620000
14630000
14640000
14650000
14660000
14670000
14680000
14690000
14700000
14710000
14720000
14730000
14740000
14790000
14800000
14810000
14820000
14830000
14840000
14850000
14860000
14870000
14880000
14890000
14900000
14910000
14920000
14930000
14950000
14960000
14970000
15010000
15020000
15030000
15060000
15080000
15090000
15110000
15120000
15130000
15140000
15150000
15160000
15170000
15190000
15200000
15220000
15230000
15240000
15300000
15310000
15320000
15330000
15340000
15350000
15380000
15390000
15400000
15410000
15420000
15430000
15440000
15450000
15460000
15470000
15480000
15490000
15500000
15510000
15520000
15530000
15540000
15550000
15560000
15750000
15760000
15770000
15780000
15790000
15800000
15810000
15820000
15840000
15850000
15860000
15870000
15880000
15890000
15950000
15960000
15970000
15980000
16010000
16020000
16030000
16040000
16050000
16060000
16090000
16100000
16140000
16150000
16160000
16190000
16200000
16210000
16220000
16230000
16240000
16270000
16280000
16300000
16350000
16360000
16380000
16400000
16430000
16440000
16460000
16500000
16510000
16520000
16570000
16580000
16590000
16600000
16610000
16630000
16640000
16660000
16680000
16690000
16700000
16710000
16730000
16740000
16850000
16910000
16920000
16930000
16940000
16950000
16960000
16970000
16980000
16990000
17000000
17010000
17020000
17070000
17080000
17090000
17100000
17110000
17120000
17130000
17140000
17150000
17160000
17170000
17180000
17190000
17200000
17210000
17220000
17230000
17280000
17300000
17310000
17320000
17430000
17480000
17490000
17500000
17540000
17560000
17570000
17580000
17590000
17610000
17660000
17680000
17690000
17700000
17710000
