160000
180000
190000
220000
240000
250000
260000
270000
280000
290000
320000
330000
340000
350000
360000
380000
390000
400000
410000
420000
430000
440000
450000
460000
470000
480000
490000
500000
510000
520000
560000
570000
580000
590000
790000
840000
870000
880000
890000
910000
920000
930000
940000
950000
960000
970000
980000
990000
1000000
1010000
1130000
1140000
1150000
1160000
1170000
1190000
1220000
1230000
1240000
1250000
1260000
1270000
1280000
1290000
1300000
1310000
1320000
1360000
1380000
1390000
1400000
1440000
1550000
1560000
1570000
1580000
1590000
1600000
1610000
1630000
1640000
1650000
1660000
1670000
1690000
1700000
1720000
1730000
1770000
1780000
1790000
1800000
1810000
1820000
1880000
1890000
1900000
1910000
1920000
1930000
1940000
1950000
1960000
2050000
2060000
2070000
2080000
2090000
2100000
2120000
2130000
2140000
2150000
2160000
2170000
2180000
2190000
2200000
2220000
2230000
2270000
2400000
2410000
2460000
2470000
2540000
2650000
2680000
2690000
2700000
2710000
2800000
2850000
2920000
2930000
2960000
2990000
3010000
3020000
3030000
3050000
3060000
3070000
3080000
3090000
3100000
3210000
3240000
3250000
3280000
3300000
3340000
3350000
3370000
3380000
3400000
3410000
3420000
3470000
3480000
3500000
3590000
3600000
3610000
3620000
3630000
3640000
3650000
3660000
3670000
3680000
3690000
3700000
3710000
3720000
3730000
3740000
3750000
3760000
3770000
3780000
3790000
3800000
3810000
3820000
3830000
3840000
3850000
3860000
3870000
3880000
3890000
3900000
3910000
3920000
3930000
3940000
3950000
3960000
3980000
3990000
4000000
4010000
4020000
4030000
4040000
4140000
4150000
4160000
4170000
4180000
4190000
4200000
4210000
4220000
4230000
4240000
4250000
4260000
4290000
4300000
4310000
4320000
4330000
4350000
4360000
4420000
4430000
4440000
4450000
4460000
4470000
4480000
4540000
4550000
4560000
4570000
4580000
4600000
4610000
4620000
4630000
4640000
4650000
4800000
4810000
4820000
4830000
4840000
4850000
4870000
4880000
4890000
4900000
4910000
4940000
4970000
4980000
4990000
5000000
5010000
5020000
5030000
5040000
5050000
5080000
5100000
5110000
5120000
5130000
5180000
5240000
5290000
5300000
5310000
5320000
5330000
5340000
5350000
5360000
5370000
5380000
5390000
5400000
5410000
5420000
5430000
5440000
5450000
5460000
5470000
5480000
5490000
5500000
5510000
5520000
5530000
5540000
5550000
5560000
5570000
5580000
5590000
5600000
5660000
5670000
5680000
5720000
5730000
5740000
5750000
5760000
5770000
5780000
5790000
5870000
5880000
5890000
5900000
5910000
5920000
5930000
5950000
5960000
5970000
5980000
5990000
6000000
6010000
6020000
6060000
6070000
6080000
6090000
6110000
6120000
6130000
6140000
6150000
6160000
6170000
6180000
6190000
6200000
6210000
6220000
6230000
6240000
6250000
6260000
6270000
6280000
6320000
6330000
6340000
6350000
6360000
6370000
6430000
6440000
6450000
6570000
6580000
6590000
6600000
6620000
6640000
6650000
6660000
6670000
6680000
6690000
6740000
6750000
6760000
6770000
6780000
6790000
6800000
6810000
6890000
6900000
6910000
6920000
6960000
6970000
7010000
7020000
7030000
7040000
7220000
7230000
7240000
7250000
7260000
7270000
7280000
7290000
7300000
7730000
7740000
7750000
7760000
7770000
7780000
7790000
7800000
7810000
7820000
7830000
7850000
7860000
7870000
7880000
7890000
7910000
7920000
7930000
7940000
7950000
7960000
7970000
7980000
7990000
8000000
8010000
8020000
8030000
8040000
8050000
8330000
8340000
8350000
8360000
8410000
8460000
8470000
8480000
8490000
8500000
8510000
8520000
8530000
8560000
8570000
8580000
8700000
8720000
8820000
8830000
8840000
8930000
8940000
8950000
8960000
9060000
9090000
9100000
9120000
9130000
9140000
9160000
9170000
9180000
9200000
9210000
9220000
9230000
9240000
9250000
9260000
9270000
9280000
9290000
9300000
9310000
9320000
9330000
9340000
9350000
9360000
9370000
9490000
9520000
9540000
9550000
9560000
9580000
9590000
9710000
9720000
9740000
9760000
9770000
9780000
9790000
9800000
9810000
9820000
9830000
9840000
9850000
9860000
9870000
9880000
9980000
9990000
10000000
10010000
10020000
10030000
10040000
10050000
10060000
10070000
10080000
10090000
10100000
10110000
10120000
10130000
10140000
10150000
10160000
10170000
10180000
10190000
10200000
10210000
10220000
10230000
10240000
10250000
10260000
10270000
10280000
10290000
10300000
10310000
10330000
10340000
10350000
10360000
10390000
10400000
10410000
10420000
10430000
10440000
10470000
10500000
10510000
10520000
10530000
10540000
10550000
10560000
10570000
10580000
10590000
10600000
10610000
10630000
10640000
10670000
10680000
10700000
10710000
10750000
10790000
10800000
10810000
10820000
10830000
10840000
10850000
10860000
10870000
10880000
10890000
10900000
10910000
10920000
10930000
10940000
10950000
10960000
11000000
11060000
11070000
11080000
11090000
11100000
11110000
11120000
11130000
11140000
11150000
11160000
11170000
11180000
11190000
11200000
11210000
11220000
11230000
11250000
11260000
11270000
11280000
11290000
11330000
11350000
11360000
11370000
11490000
11500000
11510000
11530000
11610000
11650000
11700000
11710000
11720000
11730000
11740000
11760000
11770000
11780000
11790000
11800000
11850000
11860000
11930000
11940000
11950000
11960000
11970000
11980000
11990000
12000000
12010000
12020000
12030000
12040000
12050000
12060000
12070000
12080000
12090000
12100000
12110000
12120000
12130000
12140000
12150000
12160000
12170000
12180000
12190000
12200000
12210000
12220000
12230000
12240000
12250000
12260000
12270000
12280000
12290000
12300000
12310000
12320000
12330000
12340000
12350000
12360000
12370000
12380000
12390000
12400000
12410000
12420000
12430000
12440000
12450000
12460000
12470000
12480000
12490000
12500000
12510000
12520000
12530000
12540000
12550000
12560000
12570000
12580000
12590000
12600000
12610000
12620000
12630000
12640000
12650000
12660000
12670000
12680000
12690000
12700000
12710000
12720000
12730000
12740000
12750000
12760000
12770000
12780000
12790000
12800000
12810000
12820000
12830000
12840000
12850000
12860000
12870000
12880000
12890000
12900000
12910000
12920000
12930000
12940000
12950000
13090000
13100000
13120000
13130000
13140000
13150000
13160000
13170000
13180000
13190000
13200000
13210000
13220000
13230000
13240000
13250000
13260000
13270000
13280000
13290000
13300000
13310000
13320000
13330000
13340000
13350000
13360000
13370000
13380000
13390000
13400000
13410000
13420000
13430000
13440000
13450000
13480000
13490000
13500000
13520000
13530000
13590000
13610000
13710000
13780000
13790000
13800000
13810000
13820000
13830000
13840000
13850000
13860000
13870000
13880000
13890000
13900000
13910000
13920000
13930000
13940000
13950000
13960000
13970000
13980000
14070000
14080000
14090000
14100000
14110000
14120000
14130000
14140000
14150000
14160000
14170000
14180000
14190000
14200000
14210000
14220000
14230000
14240000
14250000
14260000
14270000
14280000
14290000
14300000
14310000
14320000
14330000
14340000
14430000
14460000
14470000
14480000
14490000
14500000
14510000
14520000
14530000
14540000
14550000
14560000
14570000
14580000
14590000
14610000
14620000
14650000
14660000
14670000
14680000
14690000
14700000
14710000
14720000
14830000
14840000
14850000
14860000
14870000
14880000
14890000
14900000
14910000
14920000
14930000
14940000
14950000
14960000
14970000
14980000
14990000
15000000
15010000
15020000
15030000
15040000
15050000
15060000
15070000
15080000
15120000
15130000
15140000
15150000
15160000
15170000
15230000
15240000
15250000
15330000
15350000
15360000
15370000
15380000
15390000
15400000
15410000
15420000
15430000
15440000
15450000
15460000
15470000
15480000
15490000
15500000
15510000
15600000
15610000
15620000
15630000
15650000
15660000
15670000
15680000
15690000
15700000
15710000
15720000
15730000
15740000
15750000
15760000
15770000
15780000
15790000
15800000
15810000
15820000
15830000
15840000
15850000
15860000
15870000
15880000
15890000
16050000
16060000
16070000
16080000
16090000
16100000
16110000
16120000
16130000
16140000
16150000
16160000
16170000
16180000
16190000
16200000
16210000
16220000
16230000
16240000
16250000
16270000
16300000
16310000
16320000
16330000
16340000
16350000
16360000
16370000
16380000
16420000
16430000
16440000
16490000
16510000
16540000
16550000
16560000
16570000
16580000
16590000
16720000
16730000
16740000
16750000
16760000
16770000
16780000
16790000
16800000
16810000
16820000
16830000
16840000
16850000
16860000
16870000
16930000
16940000
16950000
16960000
16970000
16980000
16990000
17000000
17010000
17020000
17030000
17040000
17050000
17060000
17070000
17080000
17090000
17100000
17110000
17120000
17130000
17140000
17150000
17160000
17170000
17180000
17190000
17200000
17210000
17220000
17230000
17240000
17300000
17310000
17320000
17330000
17340000
17350000
17360000
17370000
17380000
17390000
17400000
17410000
17420000
17430000
17440000
17450000
17460000
17470000
17480000
17490000
17500000
17510000
17520000
17530000
17540000
17550000
17640000
17650000
17660000
17670000
17680000
17690000
17700000
17710000
17720000
17730000
17740000
17750000
17760000
17770000
17780000
17790000
17800000
17810000
17820000
17830000
17840000
17850000
17860000
17870000
17880000
17890000
17900000
17910000
17920000
17930000
17940000
17950000
17960000
17970000
18090000
18100000
18110000
18120000
18140000
18150000
18160000
18170000
18180000
18190000
18200000
18210000
18220000
18230000
18240000
18250000
18260000
18270000
18280000
18290000
18300000
18310000
18320000
18330000
18340000
18350000
18390000
18400000
18410000
18420000
18430000
18450000
18460000
18470000
18480000
18490000
18500000
18510000
18520000
18540000
18550000
18560000
18570000
18580000
18620000
18630000
18640000
18650000
18660000
18670000
18680000
18690000
18700000
18710000
18720000
18730000
18740000
18750000
18760000
18770000
18780000
18790000
18800000
18810000
18820000
18830000
18840000
19050000
19060000
19070000
19080000
19090000
19100000
19110000
19120000
19130000
19140000
19150000
19160000
19170000
19180000
19190000
19200000
19210000
19220000
19240000
19250000
19270000
19280000
19290000
19320000
19370000
19380000
19390000
19400000
19420000
19580000
19590000
19660000
19670000
19680000
19690000
19700000
19750000
19760000
19770000
19850000
