130000
140000
150000
180000
190000
200000
250000
440000
510000
520000
540000
550000
560000
570000
590000
600000
630000
650000
740000
840000
870000
880000
900000
1060000
1090000
1100000
1130000
1160000
1210000
1220000
1270000
1280000
1330000
1340000
1350000
1360000
1370000
1390000
1420000
1590000
1600000
1620000
1660000
1670000
1680000
1720000
1730000
1740000
1750000
1760000
1850000
1860000
1870000
1880000
1890000
1900000
1910000
1920000
1930000
1940000
1950000
1960000
1970000
1980000
1990000
2000000
2010000
2020000
2030000
2040000
2050000
2060000
2070000
2080000
2090000
2100000
2110000
2120000
2130000
2140000
2150000
2160000
2170000
2180000
2190000
2200000
2210000
2220000
2230000
2260000
2270000
2280000
2290000
2300000
2320000
2350000
2400000
2410000
2430000
2440000
2450000
2460000
2470000
2480000
2490000
2500000
2510000
2520000
2530000
2540000
2550000
2560000
2570000
2580000
2600000
2610000
2620000
2630000
2640000
2670000
2710000
2720000
2760000
2770000
2790000
2820000
2830000
2840000
2870000
2880000
2960000
2970000
2980000
3000000
3010000
3020000
3030000
3040000
3050000
3060000
3070000
3080000
3100000
3120000
3130000
3140000
3160000
3170000
3180000
3190000
3200000
3220000
3230000
3240000
3250000
3300000
3310000
3320000
3330000
3350000
3370000
3380000
3390000
3400000
3410000
3430000
3460000
3480000
3510000
3520000
3540000
3550000
3560000
3580000
3590000
3610000
3620000
3630000
3640000
3650000
3660000
3670000
3680000
3690000
3700000
3710000
3720000
3730000
3740000
3750000
3760000
3770000
3780000
3790000
3800000
3810000
3820000
3840000
3850000
3870000
3880000
3910000
3920000
3930000
3940000
3960000
3970000
4020000
4030000
4040000
4050000
4070000
4140000
4180000
4230000
4250000
4280000
4290000
4300000
4310000
4340000
4380000
4420000
4430000
4440000
4460000
4480000
4530000
4540000
4560000
4570000
4580000
4590000
4600000
4610000
4630000
4640000
4650000
4670000
4700000
4740000
4750000
4760000
4800000
4810000
4820000
4890000
4910000
5120000
5170000
5190000
