10000
20000
30000
40000
60000
70000
80000
90000
170000
180000
190000
200000
210000
220000
230000
240000
250000
260000
290000
300000
310000
320000
330000
340000
350000
360000
370000
380000
390000
400000
410000
420000
430000
440000
450000
460000
520000
530000
540000
550000
560000
570000
580000
590000
600000
610000
620000
630000
640000
650000
660000
670000
680000
690000
700000
710000
720000
730000
740000
750000
760000
770000
780000
790000
800000
810000
830000
840000
850000
860000
870000
880000
890000
900000
910000
920000
930000
940000
950000
960000
970000
980000
990000
1000000
1010000
1020000
1030000
1040000
1060000
1070000
1080000
1090000
1100000
1110000
1120000
1130000
1260000
1270000
1280000
1290000
1300000
1310000
1320000
1330000
1340000
1350000
1360000
1370000
1380000
1390000
1400000
1410000
1420000
1430000
1440000
1450000
1460000
1470000
1480000
1490000
1510000
1520000
1530000
1540000
1550000
1560000
1570000
1580000
1590000
1600000
1660000
1670000
1680000
1700000
1710000
1720000
1730000
1800000
1810000
1820000
1830000
1860000
1870000
1910000
1920000
1990000
2000000
2010000
2020000
2030000
2040000
2050000
2060000
2080000
2120000
2160000
2170000
2180000
2220000
2230000
2260000
2340000
2350000
2410000
2450000
2460000
2470000
2480000
2500000
2570000
2580000
2590000
2610000
2620000
2630000
2640000
2650000
2660000
2670000
2680000
2690000
2700000
2710000
2720000
2730000
2740000
2750000
2760000
2770000
2780000
2790000
2800000
2810000
2820000
2830000
2840000
2850000
2860000
2870000
2880000
2890000
2910000
2920000
3210000
3220000
3230000
3240000
3250000
3260000
3270000
3280000
3290000
3300000
3310000
3320000
3340000
3350000
3360000
3370000
3380000
3390000
3400000
3410000
3420000
3430000
3440000
3450000
3460000
3470000
3480000
3490000
3500000
3510000
3520000
3530000
3540000
3550000
3560000
3570000
3580000
3590000
3600000
3610000
3620000
3630000
3640000
3650000
3660000
3670000
3680000
3690000
3700000
3780000
3790000
3800000
3850000
3860000
3870000
3880000
3900000
3910000
3940000
3950000
3960000
3970000
3990000
4000000
4010000
4020000
4030000
4040000
4050000
4060000
4070000
4080000
4090000
4100000
4110000
4120000
4130000
4140000
4150000
4160000
4170000
4180000
4190000
4200000
4210000
4240000
4270000
4280000
4330000
4340000
4350000
4360000
4370000
4380000
4390000
4400000
4410000
4420000
4430000
4440000
4450000
4460000
4470000
4480000
4490000
4500000
4510000
4530000
4540000
4580000
4590000
4620000
4630000
4660000
4690000
4700000
4710000
4730000
4770000
4780000
4790000
4800000
4810000
4820000
4830000
4840000
4850000
4860000
4870000
4880000
4890000
4900000
4910000
4920000
4930000
4940000
4950000
4960000
4980000
4990000
5000000
5020000
5030000
5040000
5050000
5060000
5070000
5080000
5090000
5100000
5110000
5120000
5130000
5140000
5150000
5160000
5170000
5180000
5190000
5200000
5210000
5220000
5230000
5240000
5250000
5260000
5270000
5280000
5290000
5300000
5310000
5320000
5330000
5340000
5350000
5360000
5370000
5380000
5390000
5400000
5410000
5420000
5430000
5440000
5450000
5460000
5470000
5480000
5510000
5520000
5530000
5540000
5550000
5560000
5570000
5580000
5600000
5610000
5620000
5630000
5640000
5650000
5660000
5670000
5680000
5690000
5710000
5720000
5730000
5740000
5750000
5760000
6110000
6120000
6130000
6180000
6190000
6200000
6210000
6220000
6230000
6240000
6250000
6340000
6350000
6360000
6370000
6380000
6570000
6580000
6590000
6600000
6610000
6620000
6630000
6640000
6650000
6660000
6670000
6680000
6690000
6700000
6710000
6720000
6730000
6740000
6750000
6760000
6770000
6780000
6790000
6800000
6810000
6820000
6830000
6840000
6850000
6860000
6870000
6880000
6890000
6900000
6910000
6920000
6940000
6950000
6960000
6970000
6980000
6990000
7000000
7010000
7030000
7040000
7050000
7060000
7070000
7080000
7090000
7100000
7110000
7120000
7130000
7140000
7150000
7160000
7170000
7180000
7190000
7240000
7250000
7420000
7430000
7440000
7450000
7460000
7470000
7480000
7490000
7500000
7510000
7520000
7530000
7550000
7560000
7570000
7580000
7590000
7600000
7610000
7620000
7630000
7640000
7660000
7710000
7720000
7840000
7850000
7860000
7870000
7880000
7890000
7900000
7920000
7930000
7940000
7950000
7960000
7970000
7990000
8000000
8010000
8020000
8030000
8040000
8050000
8060000
8070000
8080000
8090000
8100000
8110000
8140000
8150000
8160000
8170000
8180000
8190000
8200000
8210000
8220000
8230000
8240000
8250000
8260000
8270000
8280000
8290000
8300000
8310000
8320000
8330000
8340000
8350000
8360000
8370000
8520000
8530000
8540000
8570000
8580000
8590000
8620000
8640000
8660000
8670000
8680000
8690000
8800000
8810000
8880000
8930000
8940000
8960000
9030000
9040000
9050000
9060000
9070000
9080000
9130000
9160000
9170000
9180000
9210000
9220000
9230000
9240000
9250000
9260000
9270000
9300000
9350000
9370000
9760000
9770000
9780000
9790000
9800000
9810000
9820000
9830000
9840000
9850000
9860000
9980000
10000000
10010000
10060000
10070000
10080000
10130000
10140000
10150000
10240000
10310000
10320000
10340000
10350000
10360000
10390000
10440000
10460000
10470000
10520000
10530000
10540000
10550000
10560000
10570000
10580000
10590000
10600000
10610000
10620000
10630000
10640000
10660000
10670000
10690000
10700000
10730000
10740000
10750000
10770000
10790000
10830000
10860000
10870000
10880000
10890000
10900000
10910000
10920000
11110000
11140000
11150000
11160000
11190000
11200000
11210000
11220000
11230000
11240000
11250000
11260000
11270000
11280000
11290000
11300000
11310000
11320000
11330000
11340000
11360000
11370000
11380000
11390000
11400000
11510000
11530000
11540000
11580000
11600000
11610000
11620000
11640000
11650000
11660000
11670000
11680000
11790000
11800000
11810000
11830000
12050000
12060000
12070000
12080000
12090000
12100000
12110000
12120000
12130000
12140000
12150000
12160000
12170000
12180000
12190000
12200000
12210000
12220000
12230000
12240000
12250000
12270000
12280000
12290000
12300000
12310000
12320000
12330000
12340000
12350000
12360000
12370000
12380000
12390000
12400000
12410000
12420000
12430000
12440000
12450000
12460000
12470000
12480000
12490000
12500000
12510000
12520000
12530000
12540000
12550000
12560000
12570000
12580000
12590000
12600000
12610000
12620000
12650000
12660000
12670000
12680000
12690000
12700000
12710000
12760000
12770000
12780000
12790000
12800000
12810000
12870000
12880000
12890000
12900000
12910000
12920000
12930000
12940000
12950000
12960000
12970000
12980000
12990000
13000000
13010000
13020000
13030000
13040000
13050000
13060000
13070000
13080000
13090000
13100000
13110000
13120000
13130000
13140000
13150000
13160000
13170000
13180000
13190000
13370000
13380000
13390000
13400000
13410000
13420000
13430000
13440000
13450000
13460000
13470000
13480000
13490000
13500000
13510000
13520000
13530000
13540000
13550000
13560000
13570000
13580000
13590000
13600000
13610000
13620000
13630000
13640000
13650000
13660000
13670000
13680000
13690000
13700000
13710000
13720000
13730000
13770000
13780000
13790000
13800000
13810000
13820000
13830000
13840000
13850000
13860000
13870000
13880000
13890000
13900000
13910000
13920000
13930000
13940000
13950000
13960000
13970000
13980000
13990000
14000000
14010000
14020000
14030000
14040000
14050000
14060000
14070000
14080000
14090000
14100000
14110000
14120000
14130000
14140000
14150000
14160000
14170000
14180000
14190000
14200000
14210000
14220000
14230000
14240000
14250000
14260000
14270000
14280000
14290000
14300000
14310000
14320000
14330000
14340000
14350000
14360000
14370000
14380000
14400000
14420000
14430000
14450000
14490000
14510000
14520000
14640000
14650000
14660000
14930000
14940000
14960000
14980000
14990000
15000000
15010000
15020000
15030000
15040000
15050000
15070000
15080000
15090000
15100000
15110000
15250000
15260000
15270000
15280000
15290000
15300000
15310000
15320000
15330000
15340000
15350000
15390000
15400000
15410000
15420000
15430000
15440000
15450000
15460000
15480000
15490000
15500000
15530000
15570000
15600000
15610000
15620000
15630000
15640000
15700000
15710000
15720000
15740000
15750000
15760000
15770000
15780000
15790000
15800000
15810000
15820000
15830000
15840000
15850000
15860000
15870000
15880000
15890000
15900000
15910000
15920000
15930000
15980000
15990000
16060000
16070000
16080000
16140000
16230000
16240000
16250000
16260000
16270000
16310000
16320000
16330000
16340000
16370000
16380000
16540000
16550000
16560000
16570000
16580000
16590000
16600000
16610000
16620000
16630000
16640000
16730000
16750000
16760000
16770000
16780000
16790000
16800000
16810000
16820000
16830000
16840000
16850000
16870000
16880000
16890000
16900000
16910000
16920000
16930000
16940000
16950000
16960000
17010000
17020000
17030000
17040000
17070000
17100000
17150000
17160000
17280000
17290000
17300000
17330000
17340000
17350000
17360000
17370000
17380000
17390000
17410000
17420000
17440000
17450000
17460000
17500000
17510000
17550000
17560000
17580000
17590000
17600000
17610000
17620000
17630000
17640000
17650000
17660000
17670000
17680000
17690000
17700000
17770000
17780000
17790000
17950000
17960000
17970000
17980000
18100000
18140000
18150000
18160000
18170000
18180000
18190000
18200000
18210000
18230000
18260000
18270000
18330000
18340000
18350000
18360000
18370000
18380000
18390000
18400000
18410000
18420000
18430000
18440000
18450000
18460000
18470000
18480000
18490000
18500000
18510000
18520000
18530000
18540000
18550000
18560000
18580000
18590000
18600000
18610000
18620000
18630000
18640000
18650000
18660000
18670000
18690000
18710000
18730000
18740000
18760000
18790000
18800000
18820000
18830000
18840000
18850000
18860000
18870000
18900000
18920000
18930000
18940000
18960000
18970000
18980000
18990000
19000000
19010000
19030000
19040000
19050000
19070000
19080000
19090000
19100000
19110000
19120000
19130000
19140000
19170000
19180000
19210000
19220000
19230000
19240000
19250000
19260000
19270000
19290000
19300000
19310000
19320000
19330000
19340000
19380000
19400000
19410000
19420000
19430000
19570000
19580000
19590000
19600000
19790000
19800000
19810000
19820000
19830000
19840000
19860000
19870000
19880000
19900000
19930000
19980000
19990000
20010000
20020000
20030000
20050000
20060000
20070000
20080000
20090000
20100000
20110000
20200000
20210000
20220000
20230000
20240000
20250000
20260000
20270000
20290000
20360000
20370000
20380000
20390000
20480000
20490000
20540000
20550000
20580000
20600000
20610000
20620000
20740000
20750000
20840000
20850000
20860000
20870000
20880000
20890000
20900000
20910000
20920000
20930000
20940000
20950000
20960000
20970000
20980000
20990000
21000000
21010000
21020000
21030000
21040000
21050000
21060000
21070000
21100000
21110000
21120000
21130000
21140000
21150000
21160000
21170000
21180000
21330000
21340000
21350000
21360000
21370000
21380000
21390000
21400000
21410000
21420000
21430000
21440000
21450000
21460000
21470000
21480000
21490000
21500000
21510000
21520000
21530000
21540000
21550000
21560000
21570000
21580000
21590000
21630000
21660000
21670000
21680000
21690000
21810000
21840000
21860000
21870000
21890000
21910000
21930000
21940000
21960000
21970000
21980000
22000000
22010000
22020000
22030000
22040000
22060000
22090000
22200000
22210000
22250000
22260000
22270000
22360000
22370000
22460000
22470000
22490000
22500000
22510000
22520000
22530000
22540000
22550000
22560000
22570000
22590000
22640000
22680000
22690000
22810000
22840000
22860000
22870000
22880000
22890000
22900000
22930000
23040000
23090000
23100000
23110000
23180000
23190000
23200000
23340000
23410000
23420000
23430000
23440000
23450000
23460000
23540000
23550000
23560000
23570000
23580000
23610000
23620000
23710000
23720000
23730000
23810000
23820000
23880000
23890000
23900000
23910000
23920000
23930000
23940000
23950000
23960000
23970000
23980000
23990000
24000000
24010000
24020000
24030000
24040000
24050000
24060000
24070000
24080000
24090000
24100000
24110000
24120000
24130000
24140000
24150000
24160000
24170000
24180000
24190000
24200000
24210000
24220000
24240000
24250000
24260000
24270000
24280000
24290000
24300000
24310000
24320000
24330000
24340000
24350000
24360000
24370000
24380000
24390000
24400000
24410000
24420000
24430000
24440000
24450000
24460000
24470000
24480000
24490000
24500000
24510000
24520000
24530000
24540000
24550000
24560000
24570000
24580000
24590000
24600000
24610000
24620000
24630000
24640000
24650000
24660000
24830000
24840000
24850000
24860000
24870000
24880000
24890000
24900000
24910000
24920000
24930000
24940000
24950000
24960000
24970000
24980000
24990000
25000000
25010000
25020000
25030000
25040000
25050000
25060000
25070000
25080000
25090000
25100000
25110000
25120000
25130000
25140000
25150000
25160000
25170000
25180000
25190000
25200000
25210000
25250000
25260000
25270000
25280000
25290000
25300000
25310000
25320000
25350000
25360000
25370000
25380000
25390000
25400000
25410000
25430000
25440000
25450000
25460000
25470000
25480000
25490000
25500000
25510000
25530000
25560000
25570000
25580000
25590000
25600000
25610000
25620000
25630000
25640000
25670000
25680000
25690000
25700000
25710000
25720000
25770000
25780000
25790000
25800000
25810000
25820000
25830000
25840000
25870000
25880000
25890000
25900000
25910000
25920000
25930000
25940000
25950000
25960000
25970000
25980000
25990000
26000000
26010000
26020000
26030000
26040000
26050000
26060000
26070000
26080000
26090000
26100000
26110000
26120000
26130000
26140000
26150000
26190000
26200000
26210000
26230000
26240000
26250000
26530000
26540000
26550000
26560000
26570000
26580000
26760000
26770000
26780000
26790000
26800000
26810000
26820000
26830000
26840000
26850000
26860000
26870000
26880000
26890000
26900000
26910000
26920000
26930000
26940000
26950000
26960000
26970000
26980000
27040000
27080000
27140000
27150000
27160000
27170000
27180000
27200000
27210000
27240000
27320000
27330000
27340000
27350000
27450000
27460000
27470000
27480000
27490000
27500000
27510000
27520000
27530000
27540000
27550000
27570000
27580000
27590000
27630000
27640000
27650000
27660000
27670000
27680000
27690000
27700000
27710000
27720000
27730000
27740000
27750000
27760000
27770000
27780000
27800000
27810000
27820000
27830000
27840000
27850000
27860000
27870000
27880000
27890000
27900000
27910000
27920000
27930000
27940000
27950000
27960000
27970000
27980000
27990000
28000000
28010000
28020000
28030000
28040000
28050000
28060000
28070000
28080000
28090000
28100000
28120000
28130000
28140000
28150000
28290000
28310000
28320000
28330000
28340000
28350000
28360000
28370000
28390000
28400000
28410000
28460000
28470000
28480000
28490000
28500000
28560000
28570000
28580000
28590000
28600000
28610000
28630000
28640000
28660000
28670000
28750000
28760000
28770000
28780000
28790000
28830000
28840000
28850000
28860000
28870000
28880000
28890000
28900000
28910000
28920000
28930000
28940000
28950000
28960000
28970000
28980000
28990000
29000000
29010000
29050000
29060000
29070000
29080000
29090000
29100000
29110000
29120000
29130000
29140000
29150000
29160000
29170000
29190000
29200000
29210000
29220000
29230000
29240000
29250000
29260000
29270000
29280000
29290000
29300000
29310000
29320000
29330000
29340000
29350000
29390000
29400000
29410000
29420000
29430000
29440000
29450000
29460000
29470000
29480000
29490000
29500000
29570000
29580000
29590000
29600000
29610000
29620000
29630000
29640000
29650000
29660000
29670000
29680000
29690000
29700000
29730000
29750000
29770000
29780000
29800000
29810000
29840000
29850000
29860000
29870000
29880000
29890000
29930000
29940000
29950000
29960000
29970000
29980000
29990000
30000000
30010000
30020000
30030000
30040000
30050000
30060000
30070000
30080000
30090000
30100000
30110000
30120000
30130000
30140000
30150000
30160000
30170000
30180000
30220000
30230000
30240000
30250000
30260000
30270000
30280000
30290000
30300000
30310000
30320000
30330000
30340000
30350000
30360000
30370000
30380000
30390000
30400000
30410000
30490000
30500000
30510000
30520000
30530000
30540000
30550000
30560000
30570000
30580000
30610000
30620000
30630000
30640000
30650000
30660000
30670000
30680000
30690000
30700000
30710000
30720000
30730000
30740000
30750000
30760000
30770000
30780000
30790000
30810000
30820000
30830000
30840000
30850000
30860000
30870000
30920000
30970000
30990000
31000000
31010000
31040000
31050000
31060000
31070000
31080000
31090000
31100000
31110000
31120000
31130000
31140000
31150000
31160000
31170000
31180000
31190000
31200000
31210000
31220000
31230000
31240000
31260000
31270000
31350000
31360000
31370000
31380000
31400000
31410000
31420000
31430000
31440000
31450000
31460000
31470000
31480000
31490000
31500000
31510000
31520000
31530000
31550000
31660000
31670000
31700000
31710000
31720000
31730000
31770000
31780000
31790000
31800000
31810000
31820000
31830000
31840000
31850000
31860000
31870000
31880000
31890000
31900000
31910000
31920000
31930000
31940000
31950000
31960000
31970000
31980000
31990000
32000000
32050000
32080000
32090000
32100000
32280000
32300000
32310000
32320000
32330000
32340000
32350000
32360000
32370000
32380000
32390000
32400000
32410000
32420000
32430000
32440000
32450000
32480000
32490000
32540000
32550000
32560000
32570000
32580000
32590000
32600000
32610000
32640000
32690000
32700000
32710000
32720000
32730000
32740000
32750000
32760000
32770000
32780000
32800000
32810000
32820000
32830000
32840000
32850000
32900000
32920000
32930000
32940000
32950000
32960000
32970000
32980000
32990000
33000000
33010000
33020000
33030000
33040000
33050000
33060000
33070000
33080000
33090000
33100000
33110000
33120000
33130000
33140000
33150000
33160000
33170000
33180000
33190000
33200000
33210000
33220000
33230000
33240000
33250000
33260000
33270000
33280000
33290000
33300000
33310000
33320000
33330000
33340000
33350000
33360000
33370000
33380000
33390000
33400000
33410000
33420000
33430000
33440000
33450000
33460000
33470000
33480000
33490000
33500000
33510000
33660000
33670000
33680000
33790000
33800000
33810000
33820000
33830000
33840000
33870000
33880000
33890000
33900000
33910000
33920000
33930000
33940000
33950000
33960000
33970000
33980000
33990000
34000000
34010000
34020000
34030000
34040000
34050000
34060000
34070000
34080000
34090000
34100000
34180000
34190000
34200000
34210000
34220000
34230000
34240000
34250000
34260000
34270000
34280000
34290000
34300000
34310000
34340000
34350000
34360000
34390000
34410000
34420000
34430000
34440000
34450000
34460000
34470000
34480000
34490000
34500000
34510000
34520000
34540000
34550000
34560000
34570000
34580000
34600000
34610000
34620000
34790000
34800000
34810000
34820000
34860000
