60000
70000
90000
100000
110000
120000
160000
170000
180000
190000
200000
220000
230000
260000
300000
320000
350000
360000
370000
410000
440000
450000
460000
470000
480000
490000
500000
510000
520000
530000
540000
550000
560000
570000
580000
590000
600000
610000
620000
630000
640000
650000
660000
670000
680000
690000
700000
710000
730000
740000
750000
760000
770000
780000
790000
800000
810000
820000
830000
840000
860000
870000
900000
910000
920000
930000
940000
950000
960000
970000
980000
990000
1000000
1010000
1020000
1060000
1070000
1080000
1090000
1110000
1120000
1130000
1260000
1270000
1280000
1290000
1300000
1310000
1320000
1330000
1340000
1370000
1380000
1390000
1400000
1410000
1440000
1470000
1480000
1490000
1500000
1560000
1590000
1600000
1610000
1630000
1640000
1650000
1690000
1700000
1710000
1720000
1730000
1740000
1750000
1760000
1770000
1800000
1810000
1820000
1830000
1840000
1850000
1860000
1870000
1880000
1890000
1900000
1910000
1920000
1930000
1940000
1950000
1960000
1970000
1980000
1990000
2000000
2110000
2130000
2140000
2150000
2160000
2170000
2180000
2190000
2200000
2210000
2220000
2230000
2240000
2250000
2260000
2270000
2280000
2290000
2300000
2310000
2320000
2330000
2340000
2350000
2360000
2370000
2380000
2390000
2400000
2410000
2420000
2460000
2470000
2480000
2490000
2500000
2550000
2600000
2610000
2620000
2630000
2640000
2650000
2660000
2670000
2680000
2690000
2710000
2720000
2730000
2740000
2750000
2760000
2770000
2780000
2840000
2870000
2880000
2890000
2910000
2920000
2930000
2940000
2950000
2960000
2970000
2980000
2990000
3000000
3010000
3020000
3080000
3090000
3100000
3130000
3160000
3170000
3180000
3190000
3200000
3210000
3220000
3230000
3240000
3250000
3260000
3270000
3280000
3330000
3340000
3350000
3370000
3380000
3390000
3400000
3410000
3420000
3430000
3440000
3450000
3460000
3470000
3480000
3520000
3580000
3620000
3630000
3640000
3650000
3660000
3670000
3680000
3690000
3700000
3710000
3760000
3770000
3800000
3810000
3820000
3850000
3860000
3890000
3900000
3910000
3920000
3930000
3940000
3950000
3960000
3970000
3980000
3990000
4000000
4010000
4020000
4070000
4080000
4090000
4100000
4110000
4120000
4130000
4140000
4150000
4160000
4200000
4220000
4250000
4290000
4300000
4320000
4330000
4340000
4380000
4410000
4440000
4450000
4460000
4540000
4550000
4570000
4600000
4610000
4620000
4630000
4640000
4650000
4660000
4670000
4680000
4690000
4700000
4710000
4720000
4730000
4740000
4750000
4760000
4770000
4780000
4790000
4800000
4810000
4820000
4830000
4840000
4850000
4860000
4870000
4880000
4890000
4900000
4910000
4920000
4930000
4940000
4950000
4960000
4970000
4980000
4990000
5000000
5010000
5020000
5030000
5040000
5050000
5060000
5080000
5110000
5130000
5140000
5160000
5180000
5190000
5200000
5310000
5390000
5400000
5410000
5420000
5430000
5460000
5530000
5540000
5560000
5570000
5590000
5600000
5620000
5630000
5640000
5710000
5720000
5730000
5740000
5760000
5780000
5850000
5860000
5870000
5880000
5890000
5900000
5910000
5920000
5930000
5940000
5950000
5960000
5970000
5980000
5990000
6000000
6010000
6020000
6030000
6040000
6050000
6060000
6070000
6090000
6100000
6110000
6120000
6160000
6190000
6200000
6210000
6220000
6230000
6280000
6300000
6310000
